{
 "cells": [
  {
   "cell_type": "code",
   "execution_count": 9,
   "metadata": {},
   "outputs": [
    {
     "name": "stdout",
     "output_type": "stream",
     "text": [
      "The autoreload extension is already loaded. To reload it, use:\n",
      "  %reload_ext autoreload\n"
     ]
    }
   ],
   "source": [
    "%load_ext autoreload\n",
    "%autoreload 2\n",
    "\n",
    "import numpy as np\n",
    "import matplotlib.pyplot as plt\n",
    "import tensorflow as tf\n",
    "import gym\n",
    "from collections import deque\n",
    "import random\n",
    "import time\n",
    "import yaml\n",
    "from klqr import *\n",
    "from train_utils import *"
   ]
  },
  {
   "cell_type": "code",
   "execution_count": 10,
   "metadata": {},
   "outputs": [],
   "source": [
    "with open('config.yml','r') as ymlfile:\n",
    "    config = yaml.load(ymlfile)\n",
    "    \n",
    "tf.reset_default_graph()\n",
    "sess = tf.InteractiveSession(config=tf.ConfigProto(log_device_placement=True))"
   ]
  },
  {
   "cell_type": "code",
   "execution_count": 11,
   "metadata": {
    "scrolled": false
   },
   "outputs": [
    {
     "name": "stdout",
     "output_type": "stream",
     "text": [
      "z shape: (?, 3)\n",
      "********** Iteration 1 ************\n",
      "\tEpisode Len: 100\n",
      "\tLast Episode Cost: 515.724559 vs optimal 0.000000\n",
      "********** Iteration 2 ************\n",
      "\tEpisode Len: 100\n",
      "\tLast Episode Cost: 493.139439 vs optimal 3.215927\n",
      "********** Iteration 3 ************\n",
      "\tEpisode Len: 100\n",
      "\tLast Episode Cost: 1289.636483 vs optimal 8.607508\n",
      "********** Iteration 4 ************\n",
      "\tEpisode Len: 100\n",
      "\tLast Episode Cost: 293.003399 vs optimal 16.047868\n",
      "********** Iteration 5 ************\n",
      "[[1.0030875  0.02284391 0.00250957]\n",
      " [0.02284391 1.2498713  0.00792627]\n",
      " [0.00250957 0.00792627 1.0506517 ]]\n",
      "\tEpisode Len: 100\n",
      "\tLast Episode Cost: 815.344650 vs optimal 6.366977\n",
      "********** Iteration 6 ************\n",
      "\tEpisode Len: 100\n",
      "\tLast Episode Cost: 717.137413 vs optimal 0.165178\n",
      "********** Iteration 7 ************\n",
      "\tEpisode Len: 100\n",
      "\tLast Episode Cost: 535.783350 vs optimal 11.476054\n",
      "********** Iteration 8 ************\n",
      "\tEpisode Len: 100\n",
      "\tLast Episode Cost: 386.160677 vs optimal 2.901625\n",
      "********** Iteration 9 ************\n",
      "\tEpisode Len: 100\n",
      "\tLast Episode Cost: 371.287135 vs optimal 7.378535\n",
      "********** Iteration 10 ************\n",
      "[[1.0137744  0.06187926 0.01874141]\n",
      " [0.06187926 1.4523067  0.01405202]\n",
      " [0.01874141 0.01405202 1.1191901 ]]\n",
      "\tEpisode Len: 100\n",
      "\tLast Episode Cost: 693.019085 vs optimal 17.770583\n",
      "********** Iteration 11 ************\n",
      "\tEpisode Len: 100\n",
      "\tLast Episode Cost: 620.712924 vs optimal 5.556172\n",
      "********** Iteration 12 ************\n",
      "\tEpisode Len: 100\n",
      "\tLast Episode Cost: 349.523120 vs optimal 10.174944\n",
      "********** Iteration 13 ************\n",
      "\tEpisode Len: 100\n",
      "\tLast Episode Cost: 212.933851 vs optimal 1.391342\n",
      "********** Iteration 14 ************\n",
      "\tEpisode Len: 100\n",
      "\tLast Episode Cost: 324.516080 vs optimal 18.113367\n",
      "********** Iteration 15 ************\n",
      "[[1.0356867  0.10575165 0.05304907]\n",
      " [0.10575165 1.6248595  0.01706411]\n",
      " [0.05304907 0.01706411 1.2142824 ]]\n",
      "\tEpisode Len: 100\n",
      "\tLast Episode Cost: 396.580342 vs optimal 12.751266\n",
      "********** Iteration 16 ************\n",
      "\tEpisode Len: 100\n",
      "\tLast Episode Cost: 430.589975 vs optimal 7.303811\n",
      "********** Iteration 17 ************\n",
      "\tEpisode Len: 100\n",
      "\tLast Episode Cost: 219.583449 vs optimal 0.813255\n",
      "********** Iteration 18 ************\n",
      "\tEpisode Len: 100\n",
      "\tLast Episode Cost: 226.433175 vs optimal 5.706290\n",
      "********** Iteration 19 ************\n",
      "\tEpisode Len: 100\n",
      "\tLast Episode Cost: 258.300628 vs optimal 12.663730\n",
      "********** Iteration 20 ************\n",
      "[[1.0739536  0.15806514 0.10615394]\n",
      " [0.15806514 1.784396   0.01776913]\n",
      " [0.10615394 0.01776913 1.332855  ]]\n",
      "\tEpisode Len: 100\n",
      "\tLast Episode Cost: 268.584426 vs optimal 8.014611\n",
      "********** Iteration 21 ************\n",
      "\tEpisode Len: 100\n",
      "\tLast Episode Cost: 213.676685 vs optimal 7.011346\n",
      "********** Iteration 22 ************\n",
      "\tEpisode Len: 100\n",
      "\tLast Episode Cost: 418.655991 vs optimal 15.067828\n",
      "********** Iteration 23 ************\n",
      "\tEpisode Len: 100\n",
      "\tLast Episode Cost: 268.923687 vs optimal 9.503062\n",
      "********** Iteration 24 ************\n",
      "\tEpisode Len: 100\n",
      "\tLast Episode Cost: 193.006496 vs optimal 3.696389\n",
      "********** Iteration 25 ************\n",
      "[[1.1333587  0.22163987 0.17901617]\n",
      " [0.22163987 1.9287184  0.02414217]\n",
      " [0.17901617 0.02414217 1.4696512 ]]\n",
      "\tEpisode Len: 100\n",
      "\tLast Episode Cost: 306.018295 vs optimal 11.100461\n",
      "********** Iteration 26 ************\n",
      "\tEpisode Len: 100\n",
      "\tLast Episode Cost: 328.089167 vs optimal 22.613941\n",
      "********** Iteration 27 ************\n",
      "\tEpisode Len: 100\n",
      "\tLast Episode Cost: 303.556690 vs optimal 7.696539\n",
      "********** Iteration 28 ************\n",
      "\tEpisode Len: 100\n",
      "\tLast Episode Cost: 203.176179 vs optimal 2.413740\n",
      "********** Iteration 29 ************\n",
      "\tEpisode Len: 100\n",
      "\tLast Episode Cost: 356.763414 vs optimal 10.692892\n",
      "********** Iteration 30 ************\n",
      "[[1.2213781  0.30072877 0.27500784]\n",
      " [0.30072877 2.0623481  0.04129367]\n",
      " [0.27500784 0.04129367 1.6233089 ]]\n",
      "\tEpisode Len: 100\n",
      "\tLast Episode Cost: 225.281428 vs optimal 5.284516\n",
      "********** Iteration 31 ************\n",
      "\tEpisode Len: 100\n",
      "\tLast Episode Cost: 327.910902 vs optimal 2.408492\n",
      "********** Iteration 32 ************\n",
      "\tEpisode Len: 100\n",
      "\tLast Episode Cost: 286.837369 vs optimal 9.029976\n",
      "********** Iteration 33 ************\n",
      "\tEpisode Len: 100\n",
      "\tLast Episode Cost: 261.862119 vs optimal 4.334433\n",
      "********** Iteration 34 ************\n",
      "\tEpisode Len: 100\n",
      "\tLast Episode Cost: 414.126785 vs optimal 13.788071\n",
      "********** Iteration 35 ************\n",
      "[[1.3433971  0.3984583  0.39438933]\n",
      " [0.3984583  2.1955783  0.06857445]\n",
      " [0.39438933 0.06857445 1.792087  ]]\n",
      "\tEpisode Len: 100\n",
      "\tLast Episode Cost: 258.724539 vs optimal 5.843341\n",
      "********** Iteration 36 ************\n",
      "\tEpisode Len: 100\n",
      "\tLast Episode Cost: 302.125225 vs optimal 17.100711\n",
      "********** Iteration 37 ************\n",
      "\tEpisode Len: 100\n",
      "\tLast Episode Cost: 288.922167 vs optimal 16.962329\n",
      "********** Iteration 38 ************\n",
      "\tEpisode Len: 100\n",
      "\tLast Episode Cost: 252.752892 vs optimal 8.081320\n",
      "********** Iteration 39 ************\n",
      "\tEpisode Len: 100\n",
      "\tLast Episode Cost: 165.807619 vs optimal 1.635465\n",
      "********** Iteration 40 ************\n",
      "[[1.5137502  0.52410364 0.54015934]\n",
      " [0.52410364 2.3429193  0.10528502]\n",
      " [0.54015934 0.10528502 1.9755913 ]]\n",
      "\tEpisode Len: 100\n",
      "\tLast Episode Cost: 226.667254 vs optimal 22.111345\n",
      "********** Iteration 41 ************\n",
      "\tEpisode Len: 100\n",
      "\tLast Episode Cost: 208.419370 vs optimal 3.841092\n",
      "********** Iteration 42 ************\n",
      "\tEpisode Len: 100\n",
      "\tLast Episode Cost: 341.159489 vs optimal 7.724943\n",
      "********** Iteration 43 ************\n",
      "\tEpisode Len: 100\n",
      "\tLast Episode Cost: 239.951993 vs optimal 7.692043\n",
      "********** Iteration 44 ************\n",
      "\tEpisode Len: 100\n",
      "\tLast Episode Cost: 312.670638 vs optimal 7.867924\n",
      "********** Iteration 45 ************\n",
      "[[1.7635729  0.7017665  0.7158462 ]\n",
      " [0.7017665  2.5319746  0.14879775]\n",
      " [0.7158462  0.14879775 2.171195  ]]\n",
      "\tEpisode Len: 100\n",
      "\tLast Episode Cost: 323.249547 vs optimal 19.306190\n",
      "********** Iteration 46 ************\n",
      "\tEpisode Len: 100\n",
      "\tLast Episode Cost: 232.851887 vs optimal 9.056948\n",
      "********** Iteration 47 ************\n",
      "\tEpisode Len: 100\n",
      "\tLast Episode Cost: 327.904508 vs optimal 11.627581\n",
      "********** Iteration 48 ************\n",
      "\tEpisode Len: 100\n",
      "\tLast Episode Cost: 233.767579 vs optimal 8.106798\n",
      "********** Iteration 49 ************\n",
      "\tEpisode Len: 100\n",
      "\tLast Episode Cost: 197.322936 vs optimal 10.322340\n",
      "********** Iteration 50 ************\n",
      "[[2.1111305  0.96634245 0.8957566 ]\n",
      " [0.96634245 2.814224   0.18275249]\n",
      " [0.8957566  0.18275249 2.351796  ]]\n",
      "\tEpisode Len: 100\n",
      "\tLast Episode Cost: 386.706600 vs optimal 1.248751\n",
      "********** Iteration 51 ************\n",
      "\tEpisode Len: 100\n",
      "\tLast Episode Cost: 320.459521 vs optimal 8.206009\n",
      "********** Iteration 52 ************\n",
      "\tEpisode Len: 100\n",
      "\tLast Episode Cost: 299.546590 vs optimal 8.122138\n",
      "********** Iteration 53 ************\n",
      "\tEpisode Len: 100\n",
      "\tLast Episode Cost: 294.745071 vs optimal 6.311883\n",
      "********** Iteration 54 ************\n",
      "\tEpisode Len: 100\n",
      "\tLast Episode Cost: 291.228109 vs optimal 4.381259\n",
      "********** Iteration 55 ************\n",
      "[[2.5511043  1.3526797  1.0440121 ]\n",
      " [1.3526797  3.275544   0.17394388]\n",
      " [1.0440121  0.17394388 2.505587  ]]\n",
      "\tEpisode Len: 100\n",
      "\tLast Episode Cost: 299.599938 vs optimal 8.732652\n",
      "********** Iteration 56 ************\n",
      "\tEpisode Len: 100\n",
      "\tLast Episode Cost: 226.862743 vs optimal 4.571190\n",
      "********** Iteration 57 ************\n",
      "\tEpisode Len: 100\n",
      "\tLast Episode Cost: 154.579720 vs optimal 6.558379\n",
      "********** Iteration 58 ************\n",
      "\tEpisode Len: 100\n",
      "\tLast Episode Cost: 226.984027 vs optimal 7.469666\n",
      "********** Iteration 59 ************\n",
      "\tEpisode Len: 100\n",
      "\tLast Episode Cost: 555.353372 vs optimal 5.362179\n",
      "********** Iteration 60 ************\n",
      "[[3.075255   1.9077544  1.1297755 ]\n",
      " [1.9077544  4.0716596  0.07303374]\n",
      " [1.1297755  0.07303374 2.6464615 ]]\n",
      "\tEpisode Len: 100\n",
      "\tLast Episode Cost: 175.582203 vs optimal 1.729711\n",
      "********** Iteration 61 ************\n",
      "\tEpisode Len: 100\n",
      "\tLast Episode Cost: 248.682043 vs optimal 5.362607\n",
      "********** Iteration 62 ************\n",
      "\tEpisode Len: 100\n",
      "\tLast Episode Cost: 326.118320 vs optimal 8.676757\n",
      "********** Iteration 63 ************\n",
      "\tEpisode Len: 100\n",
      "\tLast Episode Cost: 507.973838 vs optimal 11.076633\n",
      "********** Iteration 64 ************\n",
      "\tEpisode Len: 100\n",
      "\tLast Episode Cost: 200.998210 vs optimal 16.514629\n",
      "********** Iteration 65 ************\n",
      "[[ 3.6871233   2.5910869   1.1103463 ]\n",
      " [ 2.5910869   5.1043653  -0.19984896]\n",
      " [ 1.1103463  -0.19984896  2.823368  ]]\n",
      "\tEpisode Len: 100\n",
      "\tLast Episode Cost: 261.574575 vs optimal 5.653277\n",
      "********** Iteration 66 ************\n",
      "\tEpisode Len: 100\n",
      "\tLast Episode Cost: 233.291790 vs optimal 19.124927\n",
      "********** Iteration 67 ************\n",
      "\tEpisode Len: 100\n",
      "\tLast Episode Cost: 261.046427 vs optimal 5.283021\n",
      "********** Iteration 68 ************\n",
      "\tEpisode Len: 100\n",
      "\tLast Episode Cost: 279.740779 vs optimal 20.326354\n",
      "********** Iteration 69 ************\n",
      "\tEpisode Len: 100\n",
      "\tLast Episode Cost: 241.794798 vs optimal 6.136824\n",
      "********** Iteration 70 ************\n",
      "[[ 4.498975    3.484131    0.94589865]\n",
      " [ 3.484131    6.4053507  -0.70880127]\n",
      " [ 0.94589865 -0.70880127  3.117276  ]]\n",
      "\tEpisode Len: 100\n",
      "\tLast Episode Cost: 281.916545 vs optimal 3.255131\n",
      "********** Iteration 71 ************\n",
      "\tEpisode Len: 100\n",
      "\tLast Episode Cost: 197.927424 vs optimal 12.463575\n",
      "********** Iteration 72 ************\n",
      "\tEpisode Len: 100\n",
      "\tLast Episode Cost: 368.645086 vs optimal 11.662476\n",
      "********** Iteration 73 ************\n",
      "\tEpisode Len: 100\n",
      "\tLast Episode Cost: 241.843310 vs optimal 4.788863\n",
      "********** Iteration 74 ************\n",
      "\tEpisode Len: 100\n",
      "\tLast Episode Cost: 200.524869 vs optimal 13.285384\n",
      "********** Iteration 75 ************\n",
      "[[ 5.5497713   4.639981    0.52844715]\n",
      " [ 4.639981    8.09242    -1.6272149 ]\n",
      " [ 0.52844715 -1.6272149   3.6984959 ]]\n",
      "\tEpisode Len: 100\n",
      "\tLast Episode Cost: 628.094517 vs optimal 10.373514\n",
      "********** Iteration 76 ************\n",
      "\tEpisode Len: 100\n",
      "\tLast Episode Cost: 261.509883 vs optimal 3.844882\n",
      "********** Iteration 77 ************\n",
      "\tEpisode Len: 100\n",
      "\tLast Episode Cost: 517.423954 vs optimal 7.825550\n",
      "********** Iteration 78 ************\n",
      "\tEpisode Len: 100\n",
      "\tLast Episode Cost: 690.824976 vs optimal 11.451613\n",
      "********** Iteration 79 ************\n",
      "\tEpisode Len: 100\n",
      "\tLast Episode Cost: 182.905122 vs optimal 6.466642\n",
      "********** Iteration 80 ************\n",
      "[[ 7.0817275   6.315005   -0.39812177]\n",
      " [ 6.315005   10.564869   -3.3807116 ]\n",
      " [-0.39812177 -3.3807116   5.0218267 ]]\n",
      "\tEpisode Len: 100\n",
      "\tLast Episode Cost: 541.833614 vs optimal 7.161330\n",
      "********** Iteration 81 ************\n",
      "\tEpisode Len: 100\n",
      "\tLast Episode Cost: 489.046429 vs optimal 3.351711\n",
      "********** Iteration 82 ************\n",
      "\tEpisode Len: 100\n",
      "\tLast Episode Cost: 688.177000 vs optimal 19.246268\n",
      "********** Iteration 83 ************\n",
      "\tEpisode Len: 100\n",
      "\tLast Episode Cost: 629.350604 vs optimal 2.747438\n",
      "********** Iteration 84 ************\n",
      "\tEpisode Len: 100\n",
      "\tLast Episode Cost: 301.421074 vs optimal 5.152759\n",
      "********** Iteration 85 ************\n",
      "[[ 9.10449    8.496705  -2.064505 ]\n",
      " [ 8.496705  14.378557  -6.987859 ]\n",
      " [-2.064505  -6.987859   8.5516205]]\n",
      "\tEpisode Len: 100\n",
      "\tLast Episode Cost: 357.110739 vs optimal 5.502551\n",
      "********** Iteration 86 ************\n",
      "\tEpisode Len: 100\n",
      "\tLast Episode Cost: 920.039163 vs optimal 10.260285\n",
      "********** Iteration 87 ************\n",
      "\tEpisode Len: 100\n",
      "\tLast Episode Cost: 213.285218 vs optimal 7.949299\n",
      "********** Iteration 88 ************\n",
      "\tEpisode Len: 100\n",
      "\tLast Episode Cost: 404.952664 vs optimal 6.138188\n",
      "********** Iteration 89 ************\n",
      "\tEpisode Len: 100\n",
      "\tLast Episode Cost: 656.962105 vs optimal 9.001662\n",
      "********** Iteration 90 ************\n",
      "[[ 11.3072195  10.640924   -4.218377 ]\n",
      " [ 10.640924   25.330387  -21.99535  ]\n",
      " [ -4.218377  -21.99535    29.273878 ]]\n",
      "\tEpisode Len: 100\n",
      "\tLast Episode Cost: 625.500604 vs optimal 12.817450\n",
      "********** Iteration 91 ************\n",
      "\tEpisode Len: 100\n",
      "\tLast Episode Cost: 262.179962 vs optimal 8.181693\n",
      "********** Iteration 92 ************\n",
      "\tEpisode Len: 100\n",
      "\tLast Episode Cost: 292.617884 vs optimal 5.217384\n",
      "********** Iteration 93 ************\n",
      "\tEpisode Len: 100\n",
      "\tLast Episode Cost: 719.794534 vs optimal 10.800618\n",
      "********** Iteration 94 ************\n",
      "\tEpisode Len: 100\n",
      "\tLast Episode Cost: 1403.283210 vs optimal 0.142192\n",
      "********** Iteration 95 ************\n",
      "[[  28.534725  -10.159302   46.015285]\n",
      " [ -10.159302   87.30647  -148.42633 ]\n",
      " [  46.015285 -148.42633   293.0153  ]]\n",
      "\tEpisode Len: 100\n",
      "\tLast Episode Cost: 275.159123 vs optimal 12.501415\n",
      "********** Iteration 96 ************\n",
      "\tEpisode Len: 100\n",
      "\tLast Episode Cost: 382.534093 vs optimal 6.009173\n",
      "********** Iteration 97 ************\n",
      "\tEpisode Len: 100\n",
      "\tLast Episode Cost: 777.293772 vs optimal 6.725826\n",
      "********** Iteration 98 ************\n",
      "\tEpisode Len: 100\n",
      "\tLast Episode Cost: 726.191122 vs optimal 16.079748\n",
      "********** Iteration 99 ************\n",
      "\tEpisode Len: 100\n",
      "\tLast Episode Cost: 486.538909 vs optimal 32.291760\n",
      "********** Iteration 100 ************\n",
      "[[ 342.41125 -131.2078   604.6758 ]\n",
      " [-131.2078   143.98497 -388.5171 ]\n",
      " [ 604.6758  -388.5171  1344.9944 ]]\n",
      "\tEpisode Len: 100\n",
      "\tLast Episode Cost: 460.401665 vs optimal 5.488039\n",
      "********** Iteration 101 ************\n",
      "\tEpisode Len: 100\n",
      "\tLast Episode Cost: 1084.881128 vs optimal 9.242104\n",
      "********** Iteration 102 ************\n",
      "\tEpisode Len: 100\n",
      "\tLast Episode Cost: 493.398079 vs optimal 11.431862\n",
      "********** Iteration 103 ************\n",
      "\tEpisode Len: 100\n",
      "\tLast Episode Cost: 300.716269 vs optimal 2.925955\n",
      "********** Iteration 104 ************\n",
      "\tEpisode Len: 100\n",
      "\tLast Episode Cost: 304.515597 vs optimal 9.548620\n",
      "********** Iteration 105 ************\n",
      "[[ 667.4232  -267.83655 1195.508  ]\n",
      " [-267.83655  201.11728 -644.08276]\n",
      " [1195.508   -644.08276 2450.4736 ]]\n",
      "\tEpisode Len: 100\n",
      "\tLast Episode Cost: 1288.103085 vs optimal 5.893453\n",
      "********** Iteration 106 ************\n",
      "\tEpisode Len: 100\n",
      "\tLast Episode Cost: 276.893488 vs optimal 10.629017\n",
      "********** Iteration 107 ************\n",
      "\tEpisode Len: 100\n",
      "\tLast Episode Cost: 688.184095 vs optimal 4.683137\n",
      "********** Iteration 108 ************\n",
      "\tEpisode Len: 100\n",
      "\tLast Episode Cost: 451.814562 vs optimal 13.387282\n",
      "********** Iteration 109 ************\n",
      "\tEpisode Len: 100\n",
      "\tLast Episode Cost: 317.680873 vs optimal 7.202845\n",
      "********** Iteration 110 ************\n",
      "[[ 1076.9625   -471.88794  1978.6132 ]\n",
      " [ -471.88794   296.84525 -1029.819  ]\n",
      " [ 1978.6132  -1029.819    3958.395  ]]\n",
      "\tEpisode Len: 100\n",
      "\tLast Episode Cost: 267.952334 vs optimal 4.722138\n",
      "********** Iteration 111 ************\n",
      "\tEpisode Len: 100\n",
      "\tLast Episode Cost: 1855.714843 vs optimal 22.324491\n",
      "********** Iteration 112 ************\n",
      "\tEpisode Len: 100\n",
      "\tLast Episode Cost: 366.036962 vs optimal 1.025350\n",
      "********** Iteration 113 ************\n",
      "\tEpisode Len: 100\n",
      "\tLast Episode Cost: 310.963215 vs optimal 1.769109\n",
      "********** Iteration 114 ************\n",
      "\tEpisode Len: 100\n",
      "\tLast Episode Cost: 892.227644 vs optimal 5.618710\n",
      "********** Iteration 115 ************\n",
      "[[ 1344.5468  -593.4256  2473.3206]\n",
      " [ -593.4256   344.5129 -1243.9432]\n",
      " [ 2473.3206 -1243.9432  4865.0454]]\n",
      "\tEpisode Len: 100\n",
      "\tLast Episode Cost: 507.278453 vs optimal 6.125828\n",
      "********** Iteration 116 ************\n",
      "\tEpisode Len: 100\n",
      "\tLast Episode Cost: 343.383222 vs optimal 7.495938\n",
      "********** Iteration 117 ************\n",
      "\tEpisode Len: 100\n",
      "\tLast Episode Cost: 557.847272 vs optimal 13.806234\n",
      "********** Iteration 118 ************\n",
      "\tEpisode Len: 100\n",
      "\tLast Episode Cost: 349.210694 vs optimal 19.347893\n",
      "********** Iteration 119 ************\n",
      "\tEpisode Len: 100\n",
      "\tLast Episode Cost: 375.386124 vs optimal 6.065154\n",
      "********** Iteration 120 ************\n",
      "[[ 1543.2026   -658.45715  2808.799  ]\n",
      " [ -658.45715   357.57877 -1341.7559 ]\n",
      " [ 2808.799   -1341.7559   5420.8403 ]]\n",
      "\tEpisode Len: 100\n",
      "\tLast Episode Cost: 809.147860 vs optimal 7.239239\n",
      "********** Iteration 121 ************\n",
      "\tEpisode Len: 100\n",
      "\tLast Episode Cost: 562.682961 vs optimal 5.281036\n",
      "********** Iteration 122 ************\n",
      "\tEpisode Len: 100\n",
      "\tLast Episode Cost: 254.256670 vs optimal 2.371806\n",
      "********** Iteration 123 ************\n",
      "\tEpisode Len: 100\n",
      "\tLast Episode Cost: 739.993743 vs optimal 0.967945\n",
      "********** Iteration 124 ************\n",
      "\tEpisode Len: 100\n",
      "\tLast Episode Cost: 621.859933 vs optimal 11.584434\n",
      "********** Iteration 125 ************\n",
      "[[ 1598.7216   -656.1273   2881.393  ]\n",
      " [ -656.1273    341.78726 -1318.1108 ]\n",
      " [ 2881.393   -1318.1108   5494.977  ]]\n",
      "\tEpisode Len: 100\n",
      "\tLast Episode Cost: 416.326146 vs optimal 5.030874\n",
      "********** Iteration 126 ************\n",
      "\tEpisode Len: 100\n",
      "\tLast Episode Cost: 746.256544 vs optimal 13.618319\n",
      "********** Iteration 127 ************\n",
      "\tEpisode Len: 100\n",
      "\tLast Episode Cost: 483.174994 vs optimal 8.271476\n",
      "********** Iteration 128 ************\n",
      "\tEpisode Len: 100\n",
      "\tLast Episode Cost: 217.057166 vs optimal 8.532389\n",
      "********** Iteration 129 ************\n",
      "\tEpisode Len: 100\n",
      "\tLast Episode Cost: 461.959538 vs optimal 17.768935\n",
      "********** Iteration 130 ************\n",
      "[[ 1582.2935   -623.4863   2824.7761 ]\n",
      " [ -623.4863    315.64954 -1241.9543 ]\n",
      " [ 2824.7761  -1241.9543   5337.321  ]]\n",
      "\tEpisode Len: 100\n",
      "\tLast Episode Cost: 222.220770 vs optimal 6.468334\n",
      "********** Iteration 131 ************\n",
      "\tEpisode Len: 100\n",
      "\tLast Episode Cost: 286.808415 vs optimal 17.901824\n",
      "********** Iteration 132 ************\n",
      "\tEpisode Len: 100\n",
      "\tLast Episode Cost: 455.628971 vs optimal 10.208422\n",
      "********** Iteration 133 ************\n",
      "\tEpisode Len: 100\n",
      "\tLast Episode Cost: 393.982151 vs optimal 4.964155\n",
      "********** Iteration 134 ************\n",
      "\tEpisode Len: 100\n",
      "\tLast Episode Cost: 1090.015839 vs optimal 16.023355\n",
      "********** Iteration 135 ************\n",
      "[[ 1537.8427   -580.0382   2724.2803 ]\n",
      " [ -580.0382    287.52722 -1149.7484 ]\n",
      " [ 2724.2803  -1149.7484   5112.7285 ]]\n",
      "\tEpisode Len: 100\n",
      "\tLast Episode Cost: 266.492873 vs optimal 12.750821\n",
      "********** Iteration 136 ************\n",
      "\tEpisode Len: 100\n",
      "\tLast Episode Cost: 473.983263 vs optimal 7.557597\n",
      "********** Iteration 137 ************\n",
      "\tEpisode Len: 100\n",
      "\tLast Episode Cost: 292.757911 vs optimal 10.389307\n",
      "********** Iteration 138 ************\n",
      "\tEpisode Len: 100\n",
      "\tLast Episode Cost: 389.761951 vs optimal 21.334545\n",
      "********** Iteration 139 ************\n",
      "\tEpisode Len: 100\n",
      "\tLast Episode Cost: 384.993849 vs optimal 4.189625\n",
      "********** Iteration 140 ************\n",
      "[[ 1404.6759   -524.0577   2482.4155 ]\n",
      " [ -524.0577    259.16217 -1038.7925 ]\n",
      " [ 2482.4155  -1038.7925   4663.98   ]]\n",
      "\tEpisode Len: 100\n",
      "\tLast Episode Cost: 384.883142 vs optimal 7.154195\n",
      "********** Iteration 141 ************\n",
      "\tEpisode Len: 100\n",
      "\tLast Episode Cost: 518.117892 vs optimal 5.249574\n",
      "********** Iteration 142 ************\n",
      "\tEpisode Len: 100\n",
      "\tLast Episode Cost: 340.279260 vs optimal 7.318213\n",
      "********** Iteration 143 ************\n",
      "\tEpisode Len: 100\n",
      "\tLast Episode Cost: 536.790376 vs optimal 11.878609\n",
      "********** Iteration 144 ************\n",
      "\tEpisode Len: 100\n",
      "\tLast Episode Cost: 1215.104020 vs optimal 11.025827\n",
      "********** Iteration 145 ************\n",
      "[[1268.974   -471.70352 2235.1147 ]\n",
      " [-471.70352  233.37589 -935.09607]\n",
      " [2235.1147  -935.09607 4207.2188 ]]\n",
      "\tEpisode Len: 100\n",
      "\tLast Episode Cost: 1801.571526 vs optimal 6.060769\n",
      "********** Iteration 146 ************\n",
      "\tEpisode Len: 100\n",
      "\tLast Episode Cost: 1460.571193 vs optimal 6.277946\n",
      "********** Iteration 147 ************\n",
      "\tEpisode Len: 100\n",
      "\tLast Episode Cost: 266.539868 vs optimal 13.385761\n",
      "********** Iteration 148 ************\n",
      "\tEpisode Len: 100\n",
      "\tLast Episode Cost: 364.886099 vs optimal 10.168811\n",
      "********** Iteration 149 ************\n",
      "\tEpisode Len: 100\n",
      "\tLast Episode Cost: 247.695519 vs optimal 5.828585\n",
      "********** Iteration 150 ************\n",
      "[[1146.1704  -424.56503 2010.9133 ]\n",
      " [-424.56503  210.16338 -841.5628 ]\n",
      " [2010.9133  -841.5628  3790.4412 ]]\n",
      "\tEpisode Len: 100\n",
      "\tLast Episode Cost: 439.760425 vs optimal 12.085258\n",
      "********** Iteration 151 ************\n",
      "\tEpisode Len: 100\n",
      "\tLast Episode Cost: 345.412247 vs optimal 5.096745\n",
      "********** Iteration 152 ************\n",
      "\tEpisode Len: 100\n",
      "\tLast Episode Cost: 357.971011 vs optimal 9.742918\n",
      "********** Iteration 153 ************\n",
      "\tEpisode Len: 100\n",
      "\tLast Episode Cost: 857.323251 vs optimal 6.255676\n",
      "********** Iteration 154 ************\n",
      "\tEpisode Len: 100\n",
      "\tLast Episode Cost: 468.394502 vs optimal 15.303046\n",
      "********** Iteration 155 ************\n",
      "[[1036.0211  -382.13928 1808.9539 ]\n",
      " [-382.13928  189.27135 -757.38477]\n",
      " [1808.9539  -757.38477 3414.7004 ]]\n",
      "\tEpisode Len: 100\n",
      "\tLast Episode Cost: 773.608809 vs optimal 15.405457\n",
      "********** Iteration 156 ************\n",
      "\tEpisode Len: 100\n",
      "\tLast Episode Cost: 354.079903 vs optimal 9.118677\n",
      "********** Iteration 157 ************\n",
      "\tEpisode Len: 100\n",
      "\tLast Episode Cost: 1597.413121 vs optimal 0.879877\n",
      "********** Iteration 158 ************\n",
      "\tEpisode Len: 100\n",
      "\tLast Episode Cost: 610.986934 vs optimal 15.145744\n",
      "********** Iteration 159 ************\n",
      "\tEpisode Len: 100\n",
      "\tLast Episode Cost: 300.650838 vs optimal 2.571313\n",
      "********** Iteration 160 ************\n",
      "[[ 937.2918  -343.9574  1627.0679 ]\n",
      " [-343.9574   170.46774 -681.62634]\n",
      " [1627.0679  -681.62634 3076.075  ]]\n",
      "\tEpisode Len: 100\n",
      "\tLast Episode Cost: 179.782154 vs optimal 6.825775\n",
      "********** Iteration 161 ************\n",
      "\tEpisode Len: 100\n",
      "\tLast Episode Cost: 297.424708 vs optimal 16.274057\n",
      "********** Iteration 162 ************\n",
      "\tEpisode Len: 100\n",
      "\tLast Episode Cost: 268.209864 vs optimal 2.527294\n",
      "********** Iteration 163 ************\n",
      "\tEpisode Len: 100\n",
      "\tLast Episode Cost: 286.542275 vs optimal 2.467241\n",
      "********** Iteration 164 ************\n",
      "\tEpisode Len: 100\n",
      "\tLast Episode Cost: 444.444895 vs optimal 8.451991\n",
      "********** Iteration 165 ************\n",
      "[[ 848.6389  -309.5918  1463.4321 ]\n",
      " [-309.5918   153.54361 -613.44574]\n",
      " [1463.4321  -613.44574 2770.8567 ]]\n",
      "\tEpisode Len: 100\n",
      "\tLast Episode Cost: 497.371588 vs optimal 8.976038\n",
      "********** Iteration 166 ************\n",
      "\tEpisode Len: 100\n",
      "\tLast Episode Cost: 477.036436 vs optimal 18.073367\n",
      "********** Iteration 167 ************\n",
      "\tEpisode Len: 100\n",
      "\tLast Episode Cost: 278.190335 vs optimal 2.855788\n",
      "********** Iteration 168 ************\n",
      "\tEpisode Len: 100\n",
      "\tLast Episode Cost: 247.888728 vs optimal 7.648233\n",
      "********** Iteration 169 ************\n",
      "\tEpisode Len: 100\n",
      "\tLast Episode Cost: 471.138505 vs optimal 7.445363\n",
      "********** Iteration 170 ************\n",
      "[[ 769.52747 -278.666   1316.122  ]\n",
      " [-278.666    138.31073 -552.08594]\n",
      " [1316.122   -552.08594 2495.8115 ]]\n",
      "\tEpisode Len: 100\n",
      "\tLast Episode Cost: 362.973738 vs optimal 16.495974\n",
      "********** Iteration 171 ************\n",
      "\tEpisode Len: 100\n",
      "\tLast Episode Cost: 308.667736 vs optimal 13.064633\n",
      "********** Iteration 172 ************\n",
      "\tEpisode Len: 100\n",
      "\tLast Episode Cost: 291.093422 vs optimal 8.768561\n",
      "********** Iteration 173 ************\n",
      "\tEpisode Len: 100\n",
      "\tLast Episode Cost: 678.807660 vs optimal 17.410453\n",
      "********** Iteration 174 ************\n",
      "\tEpisode Len: 100\n",
      "\tLast Episode Cost: 173.013132 vs optimal 3.759410\n",
      "********** Iteration 175 ************\n",
      "[[ 699.0656  -250.82887 1183.5638 ]\n",
      " [-250.82887  124.59997 -496.86475]\n",
      " [1183.5638  -496.86475 2248.0142 ]]\n",
      "\tEpisode Len: 100\n",
      "\tLast Episode Cost: 1181.446552 vs optimal 8.617712\n",
      "********** Iteration 176 ************\n",
      "\tEpisode Len: 100\n",
      "\tLast Episode Cost: 466.365761 vs optimal 6.852208\n",
      "********** Iteration 177 ************\n",
      "\tEpisode Len: 100\n",
      "\tLast Episode Cost: 589.412376 vs optimal 13.787150\n",
      "********** Iteration 178 ************\n",
      "\tEpisode Len: 100\n",
      "\tLast Episode Cost: 648.593027 vs optimal 4.737102\n",
      "********** Iteration 179 ************\n",
      "\tEpisode Len: 100\n",
      "\tLast Episode Cost: 603.843058 vs optimal 5.494689\n",
      "********** Iteration 180 ************\n",
      "[[ 636.94727 -225.77727 1064.2479 ]\n",
      " [-225.77727  112.25918 -447.16748]\n",
      " [1064.2479  -447.16748 2024.7994 ]]\n",
      "\tEpisode Len: 100\n",
      "\tLast Episode Cost: 390.908401 vs optimal 6.727744\n",
      "********** Iteration 181 ************\n",
      "\tEpisode Len: 100\n",
      "\tLast Episode Cost: 656.985989 vs optimal 15.783631\n",
      "********** Iteration 182 ************\n",
      "\tEpisode Len: 100\n",
      "\tLast Episode Cost: 782.492175 vs optimal 10.614175\n",
      "********** Iteration 183 ************\n",
      "\tEpisode Len: 100\n",
      "\tLast Episode Cost: 499.637867 vs optimal 10.115244\n",
      "********** Iteration 184 ************\n",
      "\tEpisode Len: 100\n",
      "\tLast Episode Cost: 497.824889 vs optimal 17.876717\n",
      "********** Iteration 185 ************\n",
      "[[ 580.29987 -203.22612  957.0741 ]\n",
      " [-203.22612  101.15119 -402.44235]\n",
      " [ 957.0741  -402.44235 1823.6998 ]]\n",
      "\tEpisode Len: 100\n",
      "\tLast Episode Cost: 225.497365 vs optimal 14.758123\n",
      "********** Iteration 186 ************\n",
      "\tEpisode Len: 100\n",
      "\tLast Episode Cost: 199.248671 vs optimal 8.733484\n",
      "********** Iteration 187 ************\n",
      "\tEpisode Len: 100\n",
      "\tLast Episode Cost: 441.231148 vs optimal 15.264600\n",
      "********** Iteration 188 ************\n",
      "\tEpisode Len: 100\n",
      "\tLast Episode Cost: 593.120717 vs optimal 6.692439\n",
      "********** Iteration 189 ************\n",
      "\tEpisode Len: 100\n",
      "\tLast Episode Cost: 370.072296 vs optimal 9.547397\n",
      "********** Iteration 190 ************\n",
      "[[ 531.40125 -182.93417  860.5501 ]\n",
      " [-182.93417   91.15235 -362.19086]\n",
      " [ 860.5501  -362.19086 1642.5623 ]]\n",
      "\tEpisode Len: 100\n",
      "\tLast Episode Cost: 512.948457 vs optimal 5.265996\n",
      "********** Iteration 191 ************\n",
      "\tEpisode Len: 100\n",
      "\tLast Episode Cost: 232.471035 vs optimal 10.582454\n",
      "********** Iteration 192 ************\n",
      "\tEpisode Len: 100\n",
      "\tLast Episode Cost: 488.985904 vs optimal 9.680878\n",
      "********** Iteration 193 ************\n",
      "\tEpisode Len: 100\n",
      "\tLast Episode Cost: 628.985565 vs optimal 1.390409\n",
      "********** Iteration 194 ************\n",
      "\tEpisode Len: 100\n",
      "\tLast Episode Cost: 1530.469821 vs optimal 0.820974\n",
      "********** Iteration 195 ************\n",
      "[[ 487.0111  -164.66905  773.81854]\n",
      " [-164.66905   82.15195 -325.96628]\n",
      " [ 773.81854 -325.96628 1479.4017 ]]\n",
      "\tEpisode Len: 100\n",
      "\tLast Episode Cost: 251.556096 vs optimal 12.486349\n",
      "********** Iteration 196 ************\n",
      "\tEpisode Len: 100\n",
      "\tLast Episode Cost: 388.473723 vs optimal 5.809009\n",
      "********** Iteration 197 ************\n",
      "\tEpisode Len: 100\n",
      "\tLast Episode Cost: 538.536575 vs optimal 8.926480\n",
      "********** Iteration 198 ************\n",
      "\tEpisode Len: 100\n",
      "\tLast Episode Cost: 742.239228 vs optimal 21.341282\n",
      "********** Iteration 199 ************\n",
      "\tEpisode Len: 100\n",
      "\tLast Episode Cost: 288.127281 vs optimal 8.245351\n",
      "********** Iteration 200 ************\n",
      "[[ 447.63654 -148.22786  695.8327 ]\n",
      " [-148.22786   74.05023 -293.365  ]\n",
      " [ 695.8327  -293.365   1332.4703 ]]\n",
      "\tEpisode Len: 100\n",
      "\tLast Episode Cost: 231.162277 vs optimal 9.519527\n",
      "********** Iteration 201 ************\n",
      "\tEpisode Len: 100\n",
      "\tLast Episode Cost: 557.186192 vs optimal 15.450953\n",
      "********** Iteration 202 ************\n",
      "\tEpisode Len: 100\n",
      "\tLast Episode Cost: 396.782751 vs optimal 9.499851\n",
      "********** Iteration 203 ************\n",
      "\tEpisode Len: 100\n",
      "\tLast Episode Cost: 352.674115 vs optimal 9.409003\n",
      "********** Iteration 204 ************\n",
      "\tEpisode Len: 100\n",
      "\tLast Episode Cost: 768.867458 vs optimal 9.666760\n",
      "********** Iteration 205 ************\n",
      "[[ 414.4568   -133.42976   625.6513  ]\n",
      " [-133.42976    66.757675 -264.025   ]\n",
      " [ 625.6513   -264.025    1200.17    ]]\n",
      "\tEpisode Len: 100\n",
      "\tLast Episode Cost: 764.537729 vs optimal 9.817745\n",
      "********** Iteration 206 ************\n",
      "\tEpisode Len: 100\n",
      "\tLast Episode Cost: 815.721718 vs optimal 20.617016\n",
      "********** Iteration 207 ************\n",
      "\tEpisode Len: 100\n",
      "\tLast Episode Cost: 432.321596 vs optimal 21.153155\n",
      "********** Iteration 208 ************\n",
      "\tEpisode Len: 100\n",
      "\tLast Episode Cost: 1733.121502 vs optimal 3.996510\n",
      "********** Iteration 209 ************\n",
      "\tEpisode Len: 100\n",
      "\tLast Episode Cost: 371.353914 vs optimal 12.137892\n",
      "********** Iteration 210 ************\n",
      "[[ 384.18173  -120.117096  562.48444 ]\n",
      " [-120.117096   60.193516 -237.61942 ]\n",
      " [ 562.48444  -237.61942  1081.0272  ]]\n",
      "\tEpisode Len: 100\n",
      "\tLast Episode Cost: 355.776988 vs optimal 2.958316\n",
      "********** Iteration 211 ************\n",
      "\tEpisode Len: 100\n",
      "\tLast Episode Cost: 695.361509 vs optimal 5.643856\n",
      "********** Iteration 212 ************\n",
      "\tEpisode Len: 100\n",
      "\tLast Episode Cost: 225.136438 vs optimal 7.498181\n",
      "********** Iteration 213 ************\n",
      "\tEpisode Len: 100\n",
      "\tLast Episode Cost: 314.432979 vs optimal 3.136890\n",
      "********** Iteration 214 ************\n",
      "\tEpisode Len: 100\n",
      "\tLast Episode Cost: 576.510974 vs optimal 2.535275\n",
      "********** Iteration 215 ************\n",
      "[[ 358.81223  -108.141815  505.597   ]\n",
      " [-108.141815   54.28542  -213.85446 ]\n",
      " [ 505.597    -213.85446   973.762   ]]\n",
      "\tEpisode Len: 100\n",
      "\tLast Episode Cost: 502.740263 vs optimal 15.622177\n",
      "********** Iteration 216 ************\n",
      "\tEpisode Len: 100\n",
      "\tLast Episode Cost: 359.554752 vs optimal 1.479968\n",
      "********** Iteration 217 ************\n",
      "\tEpisode Len: 100\n",
      "\tLast Episode Cost: 529.339589 vs optimal 12.864665\n",
      "********** Iteration 218 ************\n",
      "\tEpisode Len: 100\n",
      "\tLast Episode Cost: 462.318980 vs optimal 22.352374\n",
      "********** Iteration 219 ************\n",
      "\tEpisode Len: 100\n",
      "\tLast Episode Cost: 390.889298 vs optimal 13.307971\n",
      "********** Iteration 220 ************\n",
      "[[ 336.12048   -97.3675    454.45398 ]\n",
      " [ -97.3675     48.968212 -192.4659  ]\n",
      " [ 454.45398  -192.4659    877.1782  ]]\n",
      "\tEpisode Len: 100\n",
      "\tLast Episode Cost: 1975.722292 vs optimal 18.276727\n",
      "********** Iteration 221 ************\n",
      "\tEpisode Len: 100\n",
      "\tLast Episode Cost: 245.213498 vs optimal 9.192330\n",
      "********** Iteration 222 ************\n",
      "\tEpisode Len: 100\n",
      "\tLast Episode Cost: 1597.299754 vs optimal 21.689582\n",
      "********** Iteration 223 ************\n",
      "\tEpisode Len: 100\n",
      "\tLast Episode Cost: 1269.743485 vs optimal 5.040515\n",
      "********** Iteration 224 ************\n",
      "\tEpisode Len: 100\n",
      "\tLast Episode Cost: 678.437575 vs optimal 12.248619\n",
      "********** Iteration 225 ************\n",
      "[[ 322.1263    -87.70991   408.15805 ]\n",
      " [ -87.70991    44.183685 -173.2135  ]\n",
      " [ 408.15805  -173.2135    790.24713 ]]\n",
      "\tEpisode Len: 100\n",
      "\tLast Episode Cost: 256.756575 vs optimal 14.427508\n",
      "********** Iteration 226 ************\n",
      "\tEpisode Len: 100\n",
      "\tLast Episode Cost: 610.507379 vs optimal 8.095216\n",
      "********** Iteration 227 ************\n",
      "\tEpisode Len: 100\n",
