{
 "cells": [
  {
   "cell_type": "code",
   "execution_count": 72,
   "metadata": {},
   "outputs": [
    {
     "name": "stdout",
     "output_type": "stream",
     "text": [
      "The autoreload extension is already loaded. To reload it, use:\n",
      "  %reload_ext autoreload\n"
     ]
    }
   ],
   "source": [
    "%load_ext autoreload\n",
    "%autoreload 2\n",
    "\n",
    "import numpy as np\n",
    "import matplotlib.pyplot as plt\n",
    "import tensorflow as tf\n",
    "import gym\n",
    "from collections import deque\n",
    "import random\n",
    "import time\n",
    "import yaml\n",
    "from klqr import *\n",
    "from train_utils import *"
   ]
  },
  {
   "cell_type": "code",
   "execution_count": 75,
   "metadata": {},
   "outputs": [],
   "source": [
    "with open('config.yml','r') as ymlfile:\n",
    "    config = yaml.load(ymlfile)\n",
    "    \n",
    "tf.reset_default_graph()\n",
    "sess = tf.InteractiveSession(config=tf.ConfigProto(log_device_placement=True))"
   ]
  },
  {
   "cell_type": "code",
   "execution_count": 76,
   "metadata": {
    "scrolled": false
   },
   "outputs": [
    {
     "name": "stdout",
     "output_type": "stream",
     "text": [
      "\u001b[33mWARN: gym.spaces.Box autodetected dtype as <class 'numpy.float32'>. Please provide explicit dtype.\u001b[0m\n",
      "\u001b[33mWARN: gym.spaces.Box autodetected dtype as <class 'numpy.float32'>. Please provide explicit dtype.\u001b[0m\n",
      "z shape: (?, 8)\n",
      "********** Iteration 1 ************\n",
      "\tEpisode Len: 0\n",
      "\tLast Episode Cost: 0.000000 vs optimal 0.000000\n",
      "********** Iteration 2 ************\n",
      "\tEpisode Len: 200\n",
      "\tLast Episode Cost: 979.921306 vs optimal 0.000000\n",
      "********** Iteration 3 ************\n",
      "\tEpisode Len: 200\n",
      "\tLast Episode Cost: 979.921306 vs optimal 0.000000\n",
      "********** Iteration 4 ************\n",
      "\tEpisode Len: 200\n",
      "\tLast Episode Cost: 1047.876621 vs optimal 0.000000\n",
      "********** Iteration 5 ************\n",
      "[[ 1.1772047e+00  1.1984469e+00  3.2233259e-01 -1.9844962e-02\n",
      "   8.4431094e-01 -2.0724992e-01  6.2711352e-01  1.3447186e-01]\n",
      " [ 1.1984469e+00  9.8515110e+00  2.0909231e+00 -5.3377146e-01\n",
      "   5.9627681e+00 -1.0780185e+00  3.3027630e+00  4.3140608e-01]\n",
      " [ 3.2233259e-01  2.0909231e+00  1.4798940e+00 -1.1225759e-01\n",
      "   1.4734429e+00 -2.6504827e-01  9.3674260e-01  2.5397977e-01]\n",
      " [-1.9844962e-02 -5.3377146e-01 -1.1225759e-01  9.9958396e-01\n",
      "  -3.1982607e-01  2.8649351e-02 -1.1190665e-01  7.9042381e-03]\n",
      " [ 8.4431094e-01  5.9627681e+00  1.4734429e+00 -3.1982607e-01\n",
      "   5.0009322e+00 -7.3089212e-01  2.3831689e+00  4.5554128e-01]\n",
      " [-2.0724992e-01 -1.0780185e+00 -2.6504827e-01  2.8649351e-02\n",
      "  -7.3089212e-01  1.1411291e+00 -4.8460254e-01 -3.9892014e-02]\n",
      " [ 6.2711352e-01  3.3027630e+00  9.3674260e-01 -1.1190665e-01\n",
      "   2.3831689e+00 -4.8460254e-01  2.6723733e+00  5.2475977e-01]\n",
      " [ 1.3447186e-01  4.3140608e-01  2.5397977e-01  7.9042381e-03\n",
      "   4.5554128e-01 -3.9892014e-02  5.2475977e-01  1.3471456e+00]]\n",
      "\tEpisode Len: 200\n",
      "\tLast Episode Cost: 1047.876621 vs optimal 0.000000\n",
      "********** Iteration 6 ************\n",
      "\tEpisode Len: 200\n",
      "\tLast Episode Cost: 947.084002 vs optimal 0.000000\n",
      "********** Iteration 7 ************\n",
      "\tEpisode Len: 200\n",
      "\tLast Episode Cost: 947.084002 vs optimal 0.000000\n",
      "********** Iteration 8 ************\n",
      "\tEpisode Len: 200\n",
      "\tLast Episode Cost: 855.108163 vs optimal 0.000000\n",
      "********** Iteration 9 ************\n",
      "\tEpisode Len: 200\n",
      "\tLast Episode Cost: 855.108163 vs optimal 0.000000\n",
      "********** Iteration 10 ************\n",
      "[[   5.1741333  -37.95662     -8.3239      11.805036   -16.254086\n",
      "     1.8647356   -3.9089773  -13.978155 ]\n",
      " [ -37.95662    459.10587    114.62033   -123.83695    215.05962\n",
      "   -25.627657    73.284355   158.71762  ]\n",
      " [  -8.3239     114.62033     32.79152    -28.555462    56.682255\n",
      "    -6.123455    22.62911     40.518898 ]\n",
      " [  11.805036  -123.83695    -28.555462    37.204613   -55.162273\n",
      "     6.8617067  -16.39087    -44.75167  ]\n",
      " [ -16.254086   215.05962     56.682255   -55.162273   104.97321\n",
      "   -11.9621      38.442886    73.49634  ]\n",
      " [   1.8647356  -25.627657    -6.123455     6.8617067  -11.9621\n",
      "     2.5602248   -3.9980516   -8.314712 ]\n",
      " [  -3.9089773   73.284355    22.62911    -16.39087     38.442886\n",
      "    -3.9980516   19.070486    26.695026 ]\n",
      " [ -13.978155   158.71762     40.518898   -44.75167     73.49634\n",
      "    -8.314712    26.695026    62.548702 ]]\n",
      "\tEpisode Len: 200\n",
      "\tLast Episode Cost: 751.001733 vs optimal 0.000000\n",
      "********** Iteration 11 ************\n",
      "\tEpisode Len: 200\n",
      "\tLast Episode Cost: 751.001733 vs optimal 0.000000\n",
      "********** Iteration 12 ************\n",
      "\tEpisode Len: 200\n",
      "\tLast Episode Cost: 759.046032 vs optimal 0.000000\n",
      "********** Iteration 13 ************\n",
      "\tEpisode Len: 200\n",
      "\tLast Episode Cost: 759.046032 vs optimal 0.000000\n",
      "********** Iteration 14 ************\n",
      "\tEpisode Len: 200\n",
      "\tLast Episode Cost: 886.409165 vs optimal 0.000000\n",
      "********** Iteration 15 ************\n",
      "[[   69.31007    -500.909      -152.61229     132.74896    -208.82271\n",
      "     15.852088    -69.12714    -193.22151  ]\n",
      " [ -500.909      3942.0244     1242.1017    -1001.3594     1703.3214\n",
      "   -129.7203      615.36066    1504.1614   ]\n",
      " [ -152.61229    1242.1017      411.25183    -302.11194     551.9907\n",
      "    -38.63598     214.46436     475.01154  ]\n",
      " [  132.74896   -1001.3594     -302.11194     266.5596     -419.54224\n",
      "     33.99948    -140.55319    -385.35336  ]\n",
      " [ -208.82271    1703.3214      551.9907     -419.54224     754.0481\n",
      "    -55.17628     285.78796     646.6394   ]\n",
      " [   15.852088   -129.7203      -38.63598      33.99948     -55.17628\n",
      "      5.9485316   -18.996616    -48.695324 ]\n",
      " [  -69.12714     615.36066     214.46436    -140.55319     285.78796\n",
      "    -18.996616    123.11091     235.52069  ]\n",
      " [ -193.22151    1504.1614      475.01154    -385.35336     646.6394\n",
      "    -48.695324    235.52069     585.2105   ]]\n",
      "\tEpisode Len: 200\n",
      "\tLast Episode Cost: 886.409165 vs optimal 0.000000\n",
      "********** Iteration 16 ************\n",
      "\tEpisode Len: 200\n",
      "\tLast Episode Cost: 936.304648 vs optimal 0.000000\n",
      "********** Iteration 17 ************\n",
      "\tEpisode Len: 200\n",
      "\tLast Episode Cost: 936.304648 vs optimal 0.000000\n",
      "********** Iteration 18 ************\n",
      "\tEpisode Len: 200\n",
      "\tLast Episode Cost: 1179.761908 vs optimal 0.000000\n",
      "********** Iteration 19 ************\n",
      "\tEpisode Len: 200\n",
      "\tLast Episode Cost: 1179.761908 vs optimal 0.000000\n",
      "********** Iteration 20 ************\n",
      "[[  158.39212  -1013.93225   -333.09863    260.47604   -415.23148\n",
      "     27.488474  -145.52841   -405.75345 ]\n",
      " [-1013.93225   7024.743     2379.2905   -1730.3994    2992.174\n",
      "   -198.00983   1135.1057    2776.4282  ]\n",
      " [ -333.09863   2379.2905     848.3149    -557.234     1047.4146\n",
      "    -62.45028    428.048      940.9458  ]\n",
      " [  260.47604  -1730.3994    -557.234      449.4749    -709.4158\n",
      "     51.209427  -246.81876   -688.51666 ]\n",
      " [ -415.23148   2992.174     1047.4146    -709.4158    1313.1605\n",
      "    -81.97804    526.1599    1175.832   ]\n",
      " [   27.488474  -198.00983    -62.45028     51.209427   -81.97804\n",
      "      7.843418   -29.034416   -77.20323 ]\n",
      " [ -145.52841   1135.1057     428.048     -246.81876    526.1599\n",
      "    -29.034416   236.91403    446.65588 ]\n",
      " [ -405.75345   2776.4282     940.9458    -688.51666   1175.832\n",
      "    -77.20323    446.65588   1110.3748  ]]\n",
      "\tEpisode Len: 200\n",
      "\tLast Episode Cost: 1260.022875 vs optimal 0.000000\n",
      "********** Iteration 21 ************\n",
      "\tEpisode Len: 200\n",
      "\tLast Episode Cost: 1260.022875 vs optimal 0.000000\n",
      "********** Iteration 22 ************\n",
      "\tEpisode Len: 200\n",
      "\tLast Episode Cost: 1140.253204 vs optimal 0.000000\n",
      "********** Iteration 23 ************\n",
      "\tEpisode Len: 200\n",
      "\tLast Episode Cost: 1140.253204 vs optimal 0.000000\n",
      "********** Iteration 24 ************\n",
      "\tEpisode Len: 200\n",
      "\tLast Episode Cost: 1217.172270 vs optimal 0.000000\n",
      "********** Iteration 25 ************\n",
      "[[  184.41125  -1120.6478    -380.08405    284.32684   -463.6256\n",
      "     27.340893  -168.11084   -448.8307  ]\n",
      " [-1120.6478    7507.1094    2644.9033   -1804.5696    3254.7556\n",
      "   -194.07568   1291.9481    2966.4722  ]\n",
      " [ -380.08405   2644.9033     994.9348    -593.6763    1199.3699\n",
      "    -61.87806    520.8111    1044.2571  ]\n",
      " [  284.32684  -1804.5696    -593.6763     465.79953   -742.29456\n",
      "     49.985252  -263.0528    -718.53436 ]\n",
      " [ -463.6256    3254.7556    1199.3699    -742.29456   1466.8126\n",
      "    -80.35989    623.1462    1278.3505  ]\n",
      " [   27.340893  -194.07568    -61.87806     49.985252   -80.35989\n",
      "      7.711897   -28.832838   -75.43244 ]\n",
      " [ -168.11084   1291.9481     520.8111    -263.0528     623.1462\n",
      "    -28.832838   299.77036    506.71878 ]\n",
      " [ -448.8307    2966.4722    1044.2571    -718.53436   1278.3505\n",
      "    -75.43244    506.71878   1184.6815  ]]\n",
      "\tEpisode Len: 200\n",
      "\tLast Episode Cost: 1217.172270 vs optimal 0.000000\n",
      "********** Iteration 26 ************\n",
      "\tEpisode Len: 200\n",
      "\tLast Episode Cost: 1272.136748 vs optimal 0.000000\n",
      "********** Iteration 27 ************\n",
      "\tEpisode Len: 200\n",
      "\tLast Episode Cost: 1272.136748 vs optimal 0.000000\n",
      "********** Iteration 28 ************\n",
      "\tEpisode Len: 200\n",
      "\tLast Episode Cost: 1353.749353 vs optimal 0.000000\n",
      "********** Iteration 29 ************\n",
      "\tEpisode Len: 200\n",
      "\tLast Episode Cost: 1353.749353 vs optimal 0.000000\n",
      "********** Iteration 30 ************\n",
      "[[ 2.3752113e+02 -1.3333151e+03 -4.8058618e+02  3.3172943e+02\n",
      "  -5.7159003e+02  2.7954086e+01 -2.2837645e+02 -5.3411658e+02]\n",
      " [-1.3333151e+03  8.3754785e+03  3.1172905e+03 -1.9657513e+03\n",
      "   3.7468899e+03 -1.9234734e+02  1.6043049e+03  3.3119827e+03]\n",
      " [-4.8058618e+02  3.1172905e+03  1.2493894e+03 -6.7611487e+02\n",
      "   1.4701569e+03 -6.2719433e+01  6.9128259e+02  1.2309690e+03]\n",
      " [ 3.3172943e+02 -1.9657513e+03 -6.7611487e+02  5.0153302e+02\n",
      "  -8.2676935e+02  4.9277477e+01 -3.1382040e+02 -7.8322839e+02]\n",
      " [-5.7159003e+02  3.7468899e+03  1.4701569e+03 -8.2676935e+02\n",
      "   1.7517667e+03 -8.0357689e+01  8.0557062e+02  1.4735020e+03]\n",
      " [ 2.7954086e+01 -1.9234734e+02 -6.2719433e+01  4.9277477e+01\n",
      "  -8.0357689e+01  7.5310845e+00 -2.9892698e+01 -7.4637794e+01]\n",
      " [-2.2837645e+02  1.6043049e+03  6.9128259e+02 -3.1382040e+02\n",
      "   8.0557062e+02 -2.9892698e+01  4.1562454e+02  6.2956537e+02]\n",
      " [-5.3411658e+02  3.3119827e+03  1.2309690e+03 -7.8322839e+02\n",
      "   1.4735020e+03 -7.4637794e+01  6.2956537e+02  1.3213959e+03]]\n",
      "\tEpisode Len: 200\n",
      "\tLast Episode Cost: 959.072652 vs optimal 0.000000\n",
      "********** Iteration 31 ************\n",
      "\tEpisode Len: 200\n",
      "\tLast Episode Cost: 959.072652 vs optimal 0.000000\n",
      "********** Iteration 32 ************\n",
      "\tEpisode Len: 200\n",
      "\tLast Episode Cost: 1337.388041 vs optimal 0.000000\n",
      "********** Iteration 33 ************\n",
      "\tEpisode Len: 200\n",
      "\tLast Episode Cost: 1337.388041 vs optimal 0.000000\n",
      "********** Iteration 34 ************\n",
      "\tEpisode Len: 200\n",
      "\tLast Episode Cost: 1234.737197 vs optimal 0.000000\n",
      "********** Iteration 35 ************\n",
      "[[ 7.37808594e+02 -3.08933936e+03 -1.14383154e+03  8.60298279e+02\n",
      "  -1.33136328e+03  4.42178040e+01 -5.80135864e+02 -1.25081372e+03]\n",
      " [-3.08933936e+03  1.48383242e+04  5.81877148e+03 -3.75363086e+03\n",
      "   6.77932422e+03 -2.33746674e+02  3.19324121e+03  5.96008691e+03]\n",
      " [-1.14383154e+03  5.81877148e+03  2.55374609e+03 -1.30200586e+03\n",
      "   2.90105200e+03 -6.31843872e+01  1.54685693e+03  2.34553174e+03]\n",
      " [ 8.60298279e+02 -3.75363086e+03 -1.30200586e+03  1.07619702e+03\n",
      "  -1.55377466e+03  7.25925903e+01 -6.20275635e+02 -1.50996155e+03]\n",
      " [-1.33136328e+03  6.77932422e+03  2.90105200e+03 -1.55377466e+03\n",
      "   3.32574072e+03 -8.41877670e+01  1.72929907e+03  2.72347632e+03]\n",
      " [ 4.42178040e+01 -2.33746674e+02 -6.31843872e+01  7.25925903e+01\n",
      "  -8.41877670e+01  1.03211613e+01 -2.26517067e+01 -9.04732742e+01]\n",
      " [-5.80135864e+02  3.19324121e+03  1.54685693e+03 -6.20275635e+02\n",
      "   1.72929907e+03 -2.26517067e+01  1.01574585e+03  1.28870081e+03]\n",
      " [-1.25081372e+03  5.96008691e+03  2.34553174e+03 -1.50996155e+03\n",
      "   2.72347632e+03 -9.04732742e+01  1.28870081e+03  2.40657129e+03]]\n",
      "\tEpisode Len: 200\n",
      "\tLast Episode Cost: 1234.737197 vs optimal 0.000000\n",
      "********** Iteration 36 ************\n",
      "\tEpisode Len: 200\n",
      "\tLast Episode Cost: 1100.890306 vs optimal 0.000000\n",
      "********** Iteration 37 ************\n",
      "\tEpisode Len: 200\n",
      "\tLast Episode Cost: 1100.890306 vs optimal 0.000000\n",
      "********** Iteration 38 ************\n",
      "\tEpisode Len: 200\n",
      "\tLast Episode Cost: 1304.600406 vs optimal 0.000000\n",
      "********** Iteration 39 ************\n",
      "\tEpisode Len: 200\n",
      "\tLast Episode Cost: 1304.600406 vs optimal 0.000000\n",
      "********** Iteration 40 ************\n",
      "[[ 7.6271674e+02 -3.1643342e+03 -1.1872793e+03  8.8648920e+02\n",
      "  -1.3941667e+03  3.7668377e+01 -6.3199811e+02 -1.2832426e+03]\n",
      " [-3.1643342e+03  1.5072920e+04  6.0353228e+03 -3.8176726e+03\n",
      "   7.0604492e+03 -1.9942836e+02  3.4686411e+03  6.0667559e+03]\n",
      " [-1.1872793e+03  6.0353228e+03  2.7172563e+03 -1.3451569e+03\n",
      "   3.0980410e+03 -4.8052353e+01  1.7199216e+03  2.4386826e+03]\n",
      " [ 8.8648920e+02 -3.8176726e+03 -1.3451569e+03  1.1009769e+03\n",
      "  -1.6168102e+03  6.4666786e+01 -6.7706439e+02 -1.5381705e+03]\n",
      " [-1.3941667e+03  7.0604492e+03  3.0980410e+03 -1.6168102e+03\n",
      "   3.5644695e+03 -6.6573837e+01  1.9329069e+03  2.8441685e+03]\n",
      " [ 3.7668377e+01 -1.9942836e+02 -4.8052353e+01  6.4666786e+01\n",
      "  -6.6573837e+01  1.0130096e+01 -1.2928247e+01 -7.6523552e+01]\n",
      " [-6.3199811e+02  3.4686411e+03  1.7199216e+03 -6.7706439e+02\n",
      "   1.9329069e+03 -1.2928247e+01  1.1754755e+03  1.4041597e+03]\n",
      " [-1.2832426e+03  6.0667559e+03  2.4386826e+03 -1.5381705e+03\n",
      "   2.8441685e+03 -7.6523552e+01  1.4041597e+03  2.4538960e+03]]\n",
      "\tEpisode Len: 200\n",
      "\tLast Episode Cost: 1315.912201 vs optimal 0.000000\n",
      "********** Iteration 41 ************\n",
      "\tEpisode Len: 200\n",
      "\tLast Episode Cost: 1315.912201 vs optimal 0.000000\n",
      "********** Iteration 42 ************\n",
      "\tEpisode Len: 200\n",
      "\tLast Episode Cost: 1029.263295 vs optimal 0.000000\n",
      "********** Iteration 43 ************\n",
      "\tEpisode Len: 200\n",
      "\tLast Episode Cost: 1029.263295 vs optimal 0.000000\n",
      "********** Iteration 44 ************\n",
      "\tEpisode Len: 200\n",
      "\tLast Episode Cost: 1258.490270 vs optimal 0.000000\n",
      "********** Iteration 45 ************\n",
      "[[ 1.0766282e+03 -4.5909341e+03 -1.7907441e+03  1.3044073e+03\n",
      "  -2.1809128e+03  2.7151890e+01 -1.1241544e+03 -1.8970796e+03]\n",
      " [-4.5909341e+03  2.1743314e+04  8.9445176e+03 -5.7368613e+03\n",
      "   1.0804132e+04 -1.4535152e+02  5.8637759e+03  8.9423379e+03]\n",
      " [-1.7907441e+03  8.9445176e+03  4.0323931e+03 -2.1571970e+03\n",
      "   4.7603179e+03 -1.9473690e+01  2.8079927e+03  3.7004121e+03]\n",
      " [ 1.3044073e+03 -5.7368613e+03 -2.1571970e+03  1.6611555e+03\n",
      "  -2.6742546e+03  5.2965157e+01 -1.3365392e+03 -2.3596187e+03]\n",
      " [-2.1809128e+03  1.0804132e+04  4.7603179e+03 -2.6742546e+03\n",
      "   5.6768320e+03 -3.4656094e+01  3.2957930e+03  4.4616064e+03]\n",
      " [ 2.7151890e+01 -1.4535152e+02 -1.9473690e+01  5.2965157e+01\n",
      "  -3.4656094e+01  1.1087105e+01  9.0842342e+00 -5.2307072e+01]\n",
      " [-1.1241544e+03  5.8637759e+03  2.8079927e+03 -1.3365392e+03\n",
      "   3.2957930e+03  9.0842342e+00  2.0642617e+03  2.4413530e+03]\n",
      " [-1.8970796e+03  8.9423379e+03  3.7004121e+03 -2.3596187e+03\n",
      "   4.4616064e+03 -5.2307072e+01  2.4413530e+03  3.6939277e+03]]\n",
      "\tEpisode Len: 200\n",
      "\tLast Episode Cost: 1258.490270 vs optimal 0.000000\n",
      "********** Iteration 46 ************\n",
      "\tEpisode Len: 200\n",
      "\tLast Episode Cost: 1265.968297 vs optimal 0.000000\n",
      "********** Iteration 47 ************\n",
      "\tEpisode Len: 200\n",
      "\tLast Episode Cost: 1265.968297 vs optimal 0.000000\n",
      "********** Iteration 48 ************\n",
      "\tEpisode Len: 200\n",
      "\tLast Episode Cost: 1234.333872 vs optimal 0.000000\n",
      "********** Iteration 49 ************\n",
      "\tEpisode Len: 200\n",
      "\tLast Episode Cost: 1234.333872 vs optimal 0.000000\n",
      "********** Iteration 50 ************\n",
      "[[ 1.0717999e+03 -4.5713652e+03 -1.8343420e+03  1.2842435e+03\n",
      "  -2.2203140e+03  1.3170353e+01 -1.1929683e+03 -1.9187034e+03]\n",
      " [-4.5713652e+03  2.1990457e+04  9.4431123e+03 -5.6809990e+03\n",
      "   1.1276407e+04 -6.3310112e+01  6.4566821e+03  9.2208613e+03]\n",
      " [-1.8343420e+03  9.4431123e+03  4.4922080e+03 -2.2093992e+03\n",
      "   5.2239375e+03  2.7254116e+01  3.2713909e+03  4.0150142e+03]\n",
      " [ 1.2842435e+03 -5.6809990e+03 -2.2093992e+03  1.6206865e+03\n",
      "  -2.7159861e+03  3.5735840e+01 -1.4229441e+03 -2.3702393e+03]\n",
      " [-2.2203140e+03  1.1276407e+04  5.2239375e+03 -2.7159861e+03\n",
      "   6.1400571e+03  1.6227333e+01  3.7719795e+03  4.7743008e+03]\n",
      " [ 1.3170353e+01 -6.3310112e+01  2.7254116e+01  3.5735840e+01\n",
      "   1.6227333e+01  1.2960575e+01  4.7202271e+01 -1.2633736e+01]\n",
      " [-1.1929683e+03  6.4566821e+03  3.2713909e+03 -1.4229441e+03\n",
      "   3.7719795e+03  4.7202271e+01  2.5024414e+03  2.7787493e+03]\n",
      " [-1.9187034e+03  9.2208613e+03  4.0150142e+03 -2.3702393e+03\n",
      "   4.7743008e+03 -1.2633736e+01  2.7787493e+03  3.8955012e+03]]\n",
      "\tEpisode Len: 200\n",
      "\tLast Episode Cost: 1364.748519 vs optimal 0.000000\n",
      "********** Iteration 51 ************\n",
      "\tEpisode Len: 200\n",
      "\tLast Episode Cost: 1364.748519 vs optimal 0.000000\n",
      "********** Iteration 52 ************\n",
      "\tEpisode Len: 200\n",
      "\tLast Episode Cost: 1135.374664 vs optimal 0.000000\n",
      "********** Iteration 53 ************\n",
      "\tEpisode Len: 200\n",
      "\tLast Episode Cost: 1135.374664 vs optimal 0.000000\n",
      "********** Iteration 54 ************\n",
      "\tEpisode Len: 200\n",
      "\tLast Episode Cost: 1323.393654 vs optimal 0.000000\n",
      "********** Iteration 55 ************\n",
      "[[ 9.8749829e+02 -4.1593809e+03 -1.6685823e+03  1.1713428e+03\n",
      "  -2.0185394e+03  9.3126574e+00 -1.0862166e+03 -1.7515887e+03]\n",
      " [-4.1593809e+03  2.0445527e+04  9.0001230e+03 -5.2012622e+03\n",
      "   1.0653487e+04 -2.8684216e+01  6.2637891e+03  8.6481436e+03]\n",
      " [-1.6685823e+03  9.0001230e+03  4.4496675e+03 -2.0453784e+03\n",
      "   5.1060215e+03  4.7550835e+01  3.3152253e+03  3.8839072e+03]\n",
      " [ 1.1713428e+03 -5.2012622e+03 -2.0453784e+03  1.4760076e+03\n",
      "  -2.5038447e+03  2.8677750e+01 -1.3301469e+03 -2.1796177e+03]\n",
      " [-2.0185394e+03  1.0653487e+04  5.1060215e+03 -2.5038447e+03\n",
      "   5.9296519e+03  3.7227089e+01  3.7630598e+03  4.5680522e+03]\n",
      " [ 9.3126574e+00 -2.8684216e+01  4.7550835e+01  2.8677750e+01\n",
      "   3.7227089e+01  1.3408148e+01  6.3301018e+01  4.5098324e+00]\n",
      " [-1.0862166e+03  6.2637891e+03  3.3152253e+03 -1.3301469e+03\n",
      "   3.7630598e+03  6.3301018e+01  2.5912957e+03  2.7452744e+03]\n",
      " [-1.7515887e+03  8.6481436e+03  3.8839072e+03 -2.1796177e+03\n",
      "   4.5680522e+03  4.5098324e+00  2.7452744e+03  3.6938716e+03]]\n",
      "\tEpisode Len: 200\n",
      "\tLast Episode Cost: 1323.393654 vs optimal 0.000000\n",
      "********** Iteration 56 ************\n",
      "\tEpisode Len: 200\n",
      "\tLast Episode Cost: 1244.466045 vs optimal 0.000000\n",
      "********** Iteration 57 ************\n",
      "\tEpisode Len: 200\n",
      "\tLast Episode Cost: 1244.466045 vs optimal 0.000000\n",
      "********** Iteration 58 ************\n",
      "\tEpisode Len: 200\n",
      "\tLast Episode Cost: 1336.914762 vs optimal 0.000000\n",
      "********** Iteration 59 ************\n",
      "\tEpisode Len: 200\n",
      "\tLast Episode Cost: 1336.914762 vs optimal 0.000000\n",
      "********** Iteration 60 ************\n",
      "[[ 2.61439014e+03 -1.18124141e+04 -5.46649219e+03  3.09559033e+03\n",
      "  -6.42342334e+03 -1.22729744e+02 -4.15860107e+03 -5.35264600e+03]\n",
      " [-1.18124141e+04  5.75190508e+04  2.77483164e+04 -1.43912930e+04\n",
      "   3.22395469e+04  6.42235901e+02  2.15181562e+04  2.61788828e+04]\n",
      " [-5.46649219e+03  2.77483164e+04  1.42053066e+04 -6.59190186e+03\n",
      "   1.61861143e+04  4.27111969e+02  1.13138594e+04  1.28534082e+04]\n",
      " [ 3.09559033e+03 -1.43912930e+04 -6.59190186e+03  3.78741675e+03\n",
      "  -7.79386963e+03 -1.22343231e+02 -5.00452490e+03 -6.48476270e+03]\n",
      " [-6.42342334e+03  3.22395469e+04  1.61861143e+04 -7.79386963e+03\n",
      "   1.85924629e+04  4.50294922e+02  1.28100693e+04  1.48361719e+04]\n",
      " [-1.22729744e+02  6.42235901e+02  4.27111969e+02 -1.22343231e+02\n",
      "   4.50294922e+02  3.18024044e+01  3.79935425e+02  3.37814362e+02]\n",
      " [-4.15860107e+03  2.15181562e+04  1.13138594e+04 -5.00452490e+03\n",
      "   1.28100693e+04  3.79935425e+02  9.15631055e+03  1.00644551e+04]\n",
      " [-5.35264600e+03  2.61788828e+04  1.28534082e+04 -6.48476270e+03\n",
      "   1.48361719e+04  3.37814362e+02  1.00644551e+04  1.20219688e+04]]\n",
      "\tEpisode Len: 200\n",
      "\tLast Episode Cost: 1271.400048 vs optimal 0.000000\n",
      "********** Iteration 61 ************\n",
      "\tEpisode Len: 200\n",
      "\tLast Episode Cost: 1271.400048 vs optimal 0.000000\n",
      "********** Iteration 62 ************\n",
      "\tEpisode Len: 200\n",
      "\tLast Episode Cost: 1271.413173 vs optimal 0.000000\n",
      "********** Iteration 63 ************\n",
      "\tEpisode Len: 200\n",
      "\tLast Episode Cost: 1271.413173 vs optimal 0.000000\n",
      "********** Iteration 64 ************\n",
      "\tEpisode Len: 200\n",
      "\tLast Episode Cost: 1170.904234 vs optimal 0.000000\n",
      "********** Iteration 65 ************\n",
      "[[ 6.6387666e+03 -2.8104707e+04 -1.3375568e+04  7.3412939e+03\n",
      "  -1.5724355e+04 -4.5483627e+02 -1.0578219e+04 -1.2992014e+04]\n",
      " [-2.8104707e+04  1.2540461e+05  6.1607680e+04 -3.1725650e+04\n",
      "   7.1637344e+04  2.1285964e+03  4.9236988e+04  5.8268543e+04]\n",
      " [-1.3375568e+04  6.1607680e+04  3.1932523e+04 -1.4922643e+04\n",
      "   3.6364547e+04  1.2971285e+03  2.6020699e+04  2.9178105e+04]\n",
      " [ 7.3412939e+03 -3.1725650e+04 -1.4922643e+04  8.3289893e+03\n",
      "  -1.7653463e+04 -4.5361215e+02 -1.1748475e+04 -1.4558333e+04]\n",
      " [-1.5724355e+04  7.1637344e+04  3.6364547e+04 -1.7653463e+04\n",
      "   4.1788332e+04  1.3907637e+03  2.9446996e+04  3.3655922e+04]\n",
      " [-4.5483627e+02  2.1285964e+03  1.2971285e+03 -4.5361215e+02\n",
      "   1.3907637e+03  8.5179367e+01  1.1204113e+03  1.0919235e+03]\n",
      " [-1.0578219e+04  4.9236988e+04  2.6020699e+04 -1.1748475e+04\n",
      "   2.9446996e+04  1.1204113e+03  2.1394141e+04  2.3500379e+04]\n",
      " [-1.2992014e+04  5.8268543e+04  2.9178105e+04 -1.4558333e+04\n",
      "   3.3655922e+04  1.0919235e+03  2.3500379e+04  2.7315730e+04]]\n",
      "\tEpisode Len: 200\n",
      "\tLast Episode Cost: 1170.904234 vs optimal 0.000000\n",
      "********** Iteration 66 ************\n",
      "\tEpisode Len: 200\n",
      "\tLast Episode Cost: 1013.665918 vs optimal 0.000000\n",
      "********** Iteration 67 ************\n",
      "\tEpisode Len: 200\n",
      "\tLast Episode Cost: 1013.665918 vs optimal 0.000000\n",
      "********** Iteration 68 ************\n",
      "\tEpisode Len: 200\n",
      "\tLast Episode Cost: 1350.430525 vs optimal 0.000000\n",
      "********** Iteration 69 ************\n",
      "\tEpisode Len: 200\n",
      "\tLast Episode Cost: 1350.430525 vs optimal 0.000000\n",
      "********** Iteration 70 ************\n",
      "[[ 6.2515928e+03 -2.6523348e+04 -1.2848072e+04  6.8548296e+03\n",
      "  -1.4975883e+04 -4.7106894e+02 -1.0225765e+04 -1.2366062e+04]\n",
      " [-2.6523348e+04  1.2090339e+05  6.1388609e+04 -2.9884531e+04\n",
      "   7.0360641e+04  2.3491060e+03  4.9618352e+04  5.6948422e+04]\n",
      " [-1.2848072e+04  6.1388609e+04  3.3298238e+04 -1.4347121e+04\n",
      "   3.7197570e+04  1.5049651e+03  2.7517574e+04  2.9637207e+04]\n",
      " [ 6.8548296e+03 -2.9884531e+04 -1.4347121e+04  7.7443599e+03\n",
      "  -1.6814574e+04 -4.7395114e+02 -1.1380480e+04 -1.3832040e+04]\n",
      " [-1.4975883e+04  7.0360641e+04  3.7197570e+04 -1.6814574e+04\n",
      "   4.2005727e+04  1.5801251e+03  3.0513156e+04  3.3620738e+04]\n",
      " [-4.7106894e+02  2.3491060e+03  1.5049651e+03 -4.7395114e+02\n",
      "   1.5801251e+03  1.0294144e+02  1.3123691e+03  1.2324487e+03]\n",
      " [-1.0225765e+04  4.9618352e+04  2.7517574e+04 -1.1380480e+04\n",
      "   3.0513156e+04  1.3123691e+03  2.2944926e+04  2.4172834e+04]\n",
      " [-1.2366062e+04  5.6948422e+04  2.9637207e+04 -1.3832040e+04\n",
      "   3.3620738e+04  1.2324487e+03  2.4172834e+04  2.7127355e+04]]\n",
      "\tEpisode Len: 200\n",
      "\tLast Episode Cost: 1201.663026 vs optimal 0.000000\n",
      "********** Iteration 71 ************\n",
      "\tEpisode Len: 200\n",
      "\tLast Episode Cost: 1201.663026 vs optimal 0.000000\n",
      "********** Iteration 72 ************\n",
      "\tEpisode Len: 200\n",
      "\tLast Episode Cost: 1096.780723 vs optimal 0.000000\n",
      "********** Iteration 73 ************\n",
      "\tEpisode Len: 200\n",
      "\tLast Episode Cost: 1096.780723 vs optimal 0.000000\n",
      "********** Iteration 74 ************\n",
      "\tEpisode Len: 200\n",
      "\tLast Episode Cost: 1267.585231 vs optimal 0.000000\n",
      "********** Iteration 75 ************\n",
      "[[ 11503.182   -41557.805   -20121.93     10924.491   -23085.762\n",
      "    -941.03705 -16141.343   -19945.762  ]\n",
      " [-41557.805   165962.39     85582.41    -41269.465    96182.39\n",
      "    4126.427    69900.36     80633.234  ]\n",
      " [-20121.93     85582.41     49964.44    -19228.732    53304.336\n",
      "    3077.399    42276.895    43947.57   ]\n",
      " [ 10924.491   -41269.465   -19228.732    11030.455   -22586.559\n",
      "    -716.22217 -15206.07    -19281.842  ]\n",
      " [-23085.762    96182.39     53304.336   -22586.559    58171.625\n",
      "    2972.3506   44494.617    48160.523  ]\n",
      " [  -941.03705   4126.427     3077.399     -716.22217   2972.3506\n",
      "     278.76324   2761.06      2438.1768 ]\n",
      " [-16141.343    69900.36     42276.895   -15206.07     44494.617\n",
      "    2761.06     36141.918    36506.82   ]\n",
      " [-19945.762    80633.234    43947.57    -19281.842    48160.523\n",
      "    2438.1768   36506.82     40272.18   ]]\n",
      "\tEpisode Len: 200\n",
      "\tLast Episode Cost: 1267.585231 vs optimal 0.000000\n",
      "********** Iteration 76 ************\n",
      "\tEpisode Len: 200\n",
      "\tLast Episode Cost: 1201.954023 vs optimal 0.000000\n",
      "********** Iteration 77 ************\n",
      "\tEpisode Len: 200\n",
      "\tLast Episode Cost: 1201.954023 vs optimal 0.000000\n",
      "********** Iteration 78 ************\n",
      "\tEpisode Len: 200\n",
      "\tLast Episode Cost: 1212.393735 vs optimal 0.000000\n",
      "********** Iteration 79 ************\n",
      "\tEpisode Len: 200\n",
      "\tLast Episode Cost: 1212.393735 vs optimal 0.000000\n",
      "********** Iteration 80 ************\n",
      "[[ 10569.036   -37886.973   -18334.281     9969.918   -21021.521\n",
      "    -866.40485 -14705.062   -18207.07   ]\n",
      " [-37886.973   152162.2      79080.13    -37623.44     88570.164\n",
      "    3862.4875   64746.535    74174.2    ]\n",
      " [-18334.281    79080.13     46718.457   -17574.137    49612.61\n",
      "    2907.7024   39651.707    40812.53   ]\n",
      " [  9969.918   -37623.44    -17574.137    10041.583   -20612.84\n",
      "    -661.1315  -13910.871   -17603.63   ]\n",
      " [-21021.521    88570.164    49612.61    -20612.84     53908.89\n",
      "    2799.4644   41535.64     44545.504  ]\n",
      " [  -866.40485   3862.4875    2907.7024    -661.1315    2799.4644\n",
      "     263.96985   2612.6416    2292.8528 ]\n",
      " [-14705.062    64746.535    39651.707   -13910.871    41535.64\n",
      "    2612.6416   34000.547    33993.992  ]\n",
      " [-18207.07     74174.2      40812.53    -17603.63     44545.504\n",
      "    2292.8528   33993.992    37200.492  ]]\n",
      "\tEpisode Len: 200\n",
      "\tLast Episode Cost: 1162.381542 vs optimal 0.000000\n",
      "********** Iteration 81 ************\n",
      "\tEpisode Len: 200\n",
      "\tLast Episode Cost: 1162.381542 vs optimal 0.000000\n",
      "********** Iteration 82 ************\n",
      "\tEpisode Len: 200\n",
      "\tLast Episode Cost: 1295.437085 vs optimal 0.000000\n",
      "********** Iteration 83 ************\n",
      "\tEpisode Len: 200\n",
      "\tLast Episode Cost: 1295.437085 vs optimal 0.000000\n",
      "********** Iteration 84 ************\n",
      "\tEpisode Len: 200\n",
      "\tLast Episode Cost: 1233.287886 vs optimal 0.000000\n",
      "********** Iteration 85 ************\n",
      "[[  9561.2     -34087.434   -16456.23      8987.085   -18880.512\n",
      "    -779.90063 -13187.636   -16378.246  ]\n",
      " [-34087.434   137287.45     71498.445   -33890.39     80012.38\n",
      "    3497.6316   58577.664    66970.31   ]\n",
      " [-16456.23     71498.445    42399.918   -15829.481    44968.\n",
      "    2640.872    36022.574    36946.04   ]\n",
      " [  8987.085   -33890.39    -15829.481     9045.872   -18565.467\n",
      "    -596.04504 -12529.751   -15858.551  ]\n",
      " [-18880.512    80012.38     44968.      -18565.467    48803.797\n",
      "    2540.1829   37682.598    40284.527  ]\n",
      " [  -779.90063   3497.6316    2640.872     -596.04504   2540.1829\n",
      "     240.00874   2373.965     2079.212  ]\n",
      " [-13187.636    58577.664    36022.574   -12529.751    37682.598\n",
      "    2373.965    30920.803    30796.773  ]\n",
      " [-16378.246    66970.31     36946.04    -15858.551    40284.527\n",
      "    2079.212    30796.773    33619.516  ]]\n",
      "\tEpisode Len: 200\n",
      "\tLast Episode Cost: 1233.287886 vs optimal 0.000000\n",
      "********** Iteration 86 ************\n",
      "\tEpisode Len: 200\n",
      "\tLast Episode Cost: 1315.688810 vs optimal 0.000000\n",
      "********** Iteration 87 ************\n",
      "\tEpisode Len: 200\n",
      "\tLast Episode Cost: 1315.688810 vs optimal 0.000000\n",
      "********** Iteration 88 ************\n",
      "\tEpisode Len: 200\n",
      "\tLast Episode Cost: 720.142909 vs optimal 0.000000\n",
      "********** Iteration 89 ************\n",
      "\tEpisode Len: 200\n",
      "\tLast Episode Cost: 720.142909 vs optimal 0.000000\n",
      "********** Iteration 90 ************\n",
      "[[  8704.246   -31099.04    -15149.86      8157.1377  -17305.117\n",
      "    -737.05804 -12172.287   -15011.434  ]\n",
      " [-31099.04    128582.11     69002.34    -31077.697    76222.71\n",
      "    3559.6616   57012.02     63585.75   ]\n",
      " [-15149.86     69002.34     42516.89    -14762.718    44407.6\n",
      "    2759.2192   36446.797    36328.652  ]\n",
      " [  8157.1377  -31077.697   -14762.718     8214.449   -17178.434\n",
      "    -583.53925 -11749.615   -14649.797  ]\n",
      " [-17305.117    76222.71     44407.6     -17178.434    47481.117\n",
      "    2631.8557   37551.07     39039.12   ]\n",
      " [  -737.05804   3559.6616    2759.2192    -583.53925   2631.8557\n",
      "     250.22285   2489.2607    2143.6245 ]\n",
      " [-12172.287    57012.02     36446.797   -11749.615    37551.07\n",
      "    2489.2607   31551.314    30556.49   ]\n",
      " [-15011.434    63585.75     36328.652   -14649.797    39039.12\n",
      "    2143.6245   30556.49     32444.55   ]]\n",
      "\tEpisode Len: 200\n",
      "\tLast Episode Cost: 1256.177904 vs optimal 0.000000\n",
      "********** Iteration 91 ************\n",
      "\tEpisode Len: 200\n",
      "\tLast Episode Cost: 1256.177904 vs optimal 0.000000\n",
      "********** Iteration 92 ************\n",
      "\tEpisode Len: 200\n",
      "\tLast Episode Cost: 744.905354 vs optimal 0.000000\n",
      "********** Iteration 93 ************\n",
      "\tEpisode Len: 200\n",
      "\tLast Episode Cost: 744.905354 vs optimal 0.000000\n",
      "********** Iteration 94 ************\n",
      "\tEpisode Len: 200\n",
      "\tLast Episode Cost: 1261.990569 vs optimal 0.000000\n",
      "********** Iteration 95 ************\n",
      "[[  33869.97   -139550.     -109000.625    22760.887  -100165.16\n",
      "   -11119.576   -99484.484   -87283.61  ]\n",
      " [-139550.      486201.5     356250.53    -85941.63    330735.84\n",
      "    38101.234   323276.12    295336.    ]\n",
      " [-109000.625   356250.53    237239.81    -70390.17    228700.75\n",
      "    23921.146   210968.12    204936.7   ]\n",
      " [  22760.887   -85941.63    -70390.17     12925.055   -62654.64\n",
      "    -8044.8335  -65247.805   -55854.617 ]\n",
      " [-100165.16    330735.84    228700.75    -62654.64    216771.\n",
      "    23922.107   205264.25    194583.31  ]\n",
      " [ -11119.576    38101.234    23921.146    -8044.8335   23922.107\n",
      "     2112.9116   20851.922    21062.826 ]\n",
      " [ -99484.484   323276.12    210968.12    -65247.805   205264.25\n",
      "    20851.922   186744.58    183793.14  ]\n",
      " [ -87283.61    295336.      204936.7     -55854.617   194583.31\n",
      "    21062.826   183793.14    173835.2   ]]\n",
      "\tEpisode Len: 200\n",
      "\tLast Episode Cost: 1261.990569 vs optimal 0.000000\n",
      "********** Iteration 96 ************\n"
     ]
    },
    {
     "ename": "InvalidArgumentError",
