{
 "cells": [
  {
   "cell_type": "code",
   "execution_count": 6,
   "metadata": {},
   "outputs": [
    {
     "name": "stdout",
     "output_type": "stream",
     "text": [
      "The autoreload extension is already loaded. To reload it, use:\n",
      "  %reload_ext autoreload\n"
     ]
    }
   ],
   "source": [
    "%load_ext autoreload\n",
    "%autoreload 2\n",
    "\n",
    "import numpy as np\n",
    "import matplotlib.pyplot as plt\n",
    "import tensorflow as tf\n",
    "import gym\n",
    "from collections import deque\n",
    "import random\n",
    "import time\n",
    "import yaml\n",
    "from klqr import *\n",
    "from train_utils import *"
   ]
  },
  {
   "cell_type": "code",
   "execution_count": 7,
   "metadata": {},
   "outputs": [],
   "source": [
    "with open('config.yml','r') as ymlfile:\n",
    "    config = yaml.load(ymlfile)\n",
    "    \n",
    "tf.reset_default_graph()\n",
    "sess = tf.InteractiveSession(config=tf.ConfigProto(log_device_placement=True))"
   ]
  },
  {
   "cell_type": "code",
   "execution_count": 8,
   "metadata": {
    "scrolled": false
   },
   "outputs": [
    {
     "name": "stdout",
     "output_type": "stream",
     "text": [
      "z shape: (?, 3)\n",
      "********** Iteration 1 ************\n",
      "[[ 1.1777662   0.16071616 -0.01152174]\n",
      " [ 0.16071616  1.161256    0.00873932]\n",
      " [-0.01152174  0.00873932  1.0928861 ]]\n",
      "\tEpisode Len: 100\n",
      "\tLast Episode Cost: 1148.067513 vs optimal 0.000000\n",
      "********** Iteration 2 ************\n",
      "[[1.3207072  0.3175016  0.04086336]\n",
      " [0.3175016  1.3629165  0.09843192]\n",
      " [0.04086336 0.09843192 1.1700716 ]]\n",
      "\tEpisode Len: 1\n",
      "\tLast Episode Cost: 0.206874 vs optimal 5.641392\n",
      "********** Iteration 3 ************\n",
      "[[1.4785506  0.5152906  0.11999181]\n",
      " [0.5152906  1.6374657  0.21718276]\n",
      " [0.11999181 0.21718276 1.2325277 ]]\n",
      "\tEpisode Len: 100\n",
      "\tLast Episode Cost: 353.632437 vs optimal 6.059928\n",
      "********** Iteration 4 ************\n",
      "[[1.6273493  0.7064905  0.19617477]\n",
      " [0.7064905  1.9042882  0.32936662]\n",
      " [0.19617477 0.32936662 1.293458  ]]\n",
      "\tEpisode Len: 100\n",
      "\tLast Episode Cost: 1337.048640 vs optimal 6.444146\n",
      "********** Iteration 5 ************\n",
      "[[1.7598736  0.87938225 0.2658687 ]\n",
      " [0.87938225 2.1463232  0.43001345]\n",
      " [0.2658687  0.43001345 1.3511773 ]]\n",
      "\tEpisode Len: 100\n",
      "\tLast Episode Cost: 363.463596 vs optimal 1.545881\n",
      "********** Iteration 6 ************\n",
      "[[1.8787429  1.0353919  0.33129895]\n",
      " [1.0353919  2.3635793  0.5213996 ]\n",
      " [0.33129895 0.5213996  1.4074546 ]]\n",
      "\tEpisode Len: 100\n",
      "\tLast Episode Cost: 263.130928 vs optimal 10.916130\n",
      "********** Iteration 7 ************\n",
      "[[1.9936056  1.1859485  0.39845288]\n",
      " [1.1859485  2.5701566  0.61111706]\n",
      " [0.39845288 0.61111706 1.4657685 ]]\n",
      "\tEpisode Len: 100\n",
      "\tLast Episode Cost: 318.892586 vs optimal 3.793881\n",
      "********** Iteration 8 ************\n",
      "[[2.1258261  1.3576213  0.48022997]\n",
      " [1.3576213  2.7998083  0.71611947]\n",
      " [0.48022997 0.71611947 1.5344956 ]]\n",
      "\tEpisode Len: 100\n",
      "\tLast Episode Cost: 327.741077 vs optimal 11.478192\n",
      "********** Iteration 9 ************\n",
      "[[2.2952664 1.5721631 0.5908469]\n",
      " [1.5721631 3.0761178 0.8526619]\n",
      " [0.5908469 0.8526619 1.6231612]]\n",
      "\tEpisode Len: 100\n",
      "\tLast Episode Cost: 460.429489 vs optimal 17.566639\n",
      "********** Iteration 10 ************\n",
      "[[2.5637035 1.8976713 0.7744643]\n",
      " [1.8976713 3.4734645 1.0695374]\n",
      " [0.7744643 1.0695374 1.7645223]]\n",
      "\tEpisode Len: 100\n",
      "\tLast Episode Cost: 608.848867 vs optimal 13.262563\n",
      "********** Iteration 11 ************\n",
      "[[3.0823412 2.5052054 1.1369901]\n",
      " [2.5052054 4.1866264 1.488679 ]\n",
      " [1.1369901 1.488679  2.0409307]]\n",
      "\tEpisode Len: 100\n",
      "\tLast Episode Cost: 970.441491 vs optimal 15.202445\n",
      "********** Iteration 12 ************\n",
      "[[4.1381006 3.7087364 1.9146876]\n",
      " [3.7087364 5.5584683 2.3705626]\n",
      " [1.9146876 2.3705626 2.6513858]]\n",
      "\tEpisode Len: 100\n",
      "\tLast Episode Cost: 6810.107169 vs optimal 23.764142\n",
      "********** Iteration 13 ************\n",
      "[[6.487794  6.3252854 3.7727308]\n",
      " [6.3252854 8.470404  4.4359255]\n",
      " [3.7727308 4.4359255 4.181523 ]]\n",
      "\tEpisode Len: 100\n",
      "\tLast Episode Cost: 75592.856179 vs optimal 4.426299\n",
      "********** Iteration 14 ************\n",
      "[[14.455227 14.981289 10.612364]\n",
      " [14.981289 17.87119  11.863966]\n",
      " [10.612364 11.863966 10.152071]]\n",
      "\tEpisode Len: 100\n",
      "\tLast Episode Cost: 21046.718055 vs optimal 15.552780\n",
      "********** Iteration 15 ************\n",
      "[[31.275408 32.898758 25.661945]\n",
      " [32.898758 36.952763 27.89384 ]\n",
      " [25.661945 27.89384  23.737885]]\n",
      "\tEpisode Len: 100\n",
      "\tLast Episode Cost: 19013.207921 vs optimal 8.853599\n",
      "********** Iteration 16 ************\n",
      "[[43.378166 45.59858  36.614677]\n",
      " [45.59858  50.27293  39.386433]\n",
      " [36.614677 39.386433 33.764877]]\n",
      "\tEpisode Len: 100\n",
      "\tLast Episode Cost: 23195.609926 vs optimal 7.689988\n",
      "********** Iteration 17 ************\n",
      "[[54.79711  57.540443 46.98214 ]\n",
      " [57.540443 62.75648  50.22854 ]\n",
      " [46.98214  50.22854  43.282772]]\n",
      "\tEpisode Len: 100\n",
      "\tLast Episode Cost: 287.437327 vs optimal 6.238864\n",
      "********** Iteration 18 ************\n",
      "[[69.62854  73.0978   60.514946]\n",
      " [73.0978   79.07207  64.423744]\n",
      " [60.514946 64.423744 55.726974]]\n",
      "\tEpisode Len: 100\n",
      "\tLast Episode Cost: 1471.828271 vs optimal 6.353195\n",
      "********** Iteration 19 ************\n",
      "[[ 91.483315  96.09621   80.54857 ]\n",
      " [ 96.09621  103.27241   85.5056  ]\n",
      " [ 80.54857   85.5056    74.180664]]\n",
      "\tEpisode Len: 100\n",
      "\tLast Episode Cost: 12510.201308 vs optimal 10.896978\n",
      "********** Iteration 20 ************\n",
      "[[122.64683  128.96483  109.23001 ]\n",
      " [128.96483  137.93909  115.75575 ]\n",
      " [109.23001  115.75575  100.661446]]\n",
      "\tEpisode Len: 100\n",
      "\tLast Episode Cost: 12145.612614 vs optimal 8.872659\n",
      "********** Iteration 21 ************\n",
      "[[169.58096 178.48523 152.94655]\n",
      " [178.48523 190.18854 161.88033]\n",
      " [152.94655 161.88033 141.46405]]\n",
      "\tEpisode Len: 100\n",
      "\tLast Episode Cost: 18828.742475 vs optimal 14.589234\n",
      "********** Iteration 22 ************\n",
      "[[235.22382 247.73697 214.67184]\n",
      " [247.73697 263.2483  226.99786]\n",
      " [214.67184 226.99786 199.58385]]\n",
      "\tEpisode Len: 100\n",
      "\tLast Episode Cost: 20164.671137 vs optimal 14.126684\n",
      "********** Iteration 23 ************\n",
      "[[340.40573 358.71265 314.39053]\n",
      " [358.71265 380.33804 332.20773]\n",
      " [314.39053 332.20773 294.194  ]]\n",
      "\tEpisode Len: 100\n",
      "\tLast Episode Cost: 21079.084047 vs optimal 6.726270\n",
      "********** Iteration 24 ************\n",
      "[[530.1477  558.75885 494.83685]\n",
      " [558.75885 591.2492  522.452  ]\n",
      " [494.83685 522.452   465.86487]]\n",
      "\tEpisode Len: 100\n",
      "\tLast Episode Cost: 6207.402421 vs optimal 7.428366\n",
      "********** Iteration 25 ************\n",
      "[[768.04456 809.3613  722.91565]\n",
      " [809.3613  855.237   762.7118 ]\n",
      " [722.91565 762.7118  684.5807 ]]\n",
      "\tEpisode Len: 100\n",
      "\tLast Episode Cost: 1543.295533 vs optimal 12.384515\n",
      "********** Iteration 26 ************\n",
      "[[1086.7026 1145.0404 1028.8568]\n",
      " [1145.0404 1208.8474 1084.9943]\n",
      " [1028.8568 1084.9943  978.3541]]\n",
      "\tEpisode Len: 100\n",
      "\tLast Episode Cost: 1571.023430 vs optimal 6.898909\n",
      "********** Iteration 27 ************\n",
      "[[1410.4703 1485.9615 1341.5582]\n",
      " [1485.9615 1567.8319 1414.2633]\n",
      " [1341.5582 1414.2633 1280.3923]]\n",
      "\tEpisode Len: 100\n",
      "\tLast Episode Cost: 1396.190697 vs optimal 4.808689\n",
      "********** Iteration 28 ************\n",
      "[[1764.49   1858.8303 1685.004 ]\n",
      " [1858.8303 1960.5548 1775.9954]\n",
      " [1685.004  1775.9954 1613.5881]]\n",
      "\tEpisode Len: 100\n",
      "\tLast Episode Cost: 581.781134 vs optimal 7.263434\n",
      "********** Iteration 29 ************\n",
      "[[2113.9404 2226.9429 2024.5234]\n",
      " [2226.9429 2348.3274 2133.6458]\n",
      " [2024.5234 2133.6458 1943.4601]]\n",
      "\tEpisode Len: 100\n",
      "\tLast Episode Cost: 1182.859785 vs optimal 2.396297\n",
      "********** Iteration 30 ************\n",
      "[[2593.3816 2732.2993 2488.2764]\n",
      " [2732.2993 2881.0015 2622.4644]\n",
      " [2488.2764 2622.4644 2392.052 ]]\n",
      "\tEpisode Len: 100\n",
      "\tLast Episode Cost: 1289.348665 vs optimal 7.430383\n",
      "********** Iteration 31 ************\n",
      "[[2975.2854 3135.2954 2858.5127]\n",
      " [3135.2954 3306.2556 3013.1443]\n",
      " [2858.5127 3013.1443 2750.9854]]\n",
      "\tEpisode Len: 100\n",
      "\tLast Episode Cost: 2370.787963 vs optimal 13.864025\n",
      "********** Iteration 32 ************\n",
      "[[3604.5164 3799.939  3465.573 ]\n",
      " [3799.939  4008.3047 3654.366 ]\n",
      " [3465.573  3654.366  3336.671 ]]\n",
      "\tEpisode Len: 100\n",
      "\tLast Episode Cost: 2716.961773 vs optimal 5.527921\n",
      "********** Iteration 33 ************\n",
      "[[4286.6914 4521.377  4124.652 ]\n",
      " [4521.377  4771.2627 4351.3726]\n",
      " [4124.652  4351.3726 3973.4482]]\n",
      "\tEpisode Len: 100\n",
      "\tLast Episode Cost: 9500.890175 vs optimal 4.144242\n",
      "********** Iteration 34 ************\n",
      "[[4828.9497 5095.799  4650.982 ]\n",
      " [5095.799  5379.75   4908.9077]\n",
      " [4650.982  4908.9077 4484.319 ]]\n",
      "\tEpisode Len: 100\n",
      "\tLast Episode Cost: 29281.760074 vs optimal 0.751149\n",
      "********** Iteration 35 ************\n",
      "[[5217.9165 5509.075  5030.09  ]\n",
      " [5509.075  5818.8413 5311.6846]\n",
      " [5030.09   5311.6846 4853.8037]]\n",
      "\tEpisode Len: 100\n",
      "\tLast Episode Cost: 13740.982618 vs optimal 13.244771\n",
      "********** Iteration 36 ************\n",
      "[[6152.12   6500.674  5935.8916]\n",
      " [6500.674  6871.346  6273.119 ]\n",
      " [5935.8916 6273.119  5732.0703]]\n",
      "\tEpisode Len: 100\n",
      "\tLast Episode Cost: 8421.441309 vs optimal 0.637864\n",
      "********** Iteration 37 ************\n",
      "[[7136.45   7547.1807 6888.7563]\n",
      " [7547.1807 7983.9336 7286.159 ]\n",
      " [6888.7563 7286.159  6654.483 ]]\n",
      "\tEpisode Len: 100\n",
      "\tLast Episode Cost: 7865.985025 vs optimal 7.843454\n",
      "********** Iteration 38 ************\n",
      "[[7540.4326 7979.9854 7280.8564]\n",
      " [7979.9854 8447.555  7706.208 ]\n",
      " [7280.8564 7706.208  7035.0527]]\n",
      "\tEpisode Len: 100\n",
      "\tLast Episode Cost: 10839.510192 vs optimal 9.041119\n",
      "********** Iteration 39 ************\n",
      "[[7882.6416 8348.644  7611.9155]\n",
      " [8348.644  8844.602  8062.8423]\n",
      " [7611.9155 8062.8423 7355.333 ]]\n",
      "\tEpisode Len: 100\n",
      "\tLast Episode Cost: 11785.180300 vs optimal 12.706337\n",
      "********** Iteration 40 ************\n",
      "[[8108.8506 8595.416  7831.327 ]\n",
      " [8595.416  9113.601  8302.171 ]\n",
      " [7831.327  8302.171  7568.1562]]\n",
      "\tEpisode Len: 100\n",
      "\tLast Episode Cost: 20871.833571 vs optimal 6.157134\n",
      "********** Iteration 41 ************\n",
      "[[8566.299  9089.539  8274.6045]\n",
      " [9089.539  9647.185  8780.963 ]\n",
      " [8274.6045 8780.963  7997.706 ]]\n",
      "\tEpisode Len: 100\n",
      "\tLast Episode Cost: 24457.100017 vs optimal 10.739578\n",
      "********** Iteration 42 ************\n",
      "[[8487.28   9013.311  8198.096 ]\n",
      " [9013.311  9574.404  8707.137 ]\n",
      " [8198.096  8707.137  7923.6323]]\n",
      "\tEpisode Len: 100\n",
      "\tLast Episode Cost: 14858.227022 vs optimal 12.218925\n",
      "********** Iteration 43 ************\n",
      "[[8475.482  9009.531  8188.779 ]\n",
      " [9009.531  9579.713  8705.706 ]\n",
      " [8188.779  8705.706  7916.6533]]\n",
      "\tEpisode Len: 100\n",
      "\tLast Episode Cost: 15584.875897 vs optimal 3.912107\n",
      "********** Iteration 44 ************\n",
      "[[8554.901  9103.724  8265.739 ]\n",
      " [9103.724  9690.261  8796.956 ]\n",
      " [8265.739  8796.956  7991.2354]]\n",
      "\tEpisode Len: 100\n",
      "\tLast Episode Cost: 13713.578335 vs optimal 6.187019\n",
      "********** Iteration 45 ************\n",
      "[[8685.402 9253.338 8393.24 ]\n",
      " [9253.338 9860.941 8943.022]\n",
      " [8393.24  8943.022 8115.798]]\n",
      "\tEpisode Len: 100\n",
      "\tLast Episode Cost: 18822.727599 vs optimal 13.315069\n",
      "********** Iteration 46 ************\n",
      "[[ 9055.2     9660.1875  8752.268 ]\n",
      " [ 9660.1875 10308.158   9337.977 ]\n",
      " [ 8752.268   9337.977   8464.37  ]]\n",
      "\tEpisode Len: 100\n",
      "\tLast Episode Cost: 14712.085511 vs optimal 11.534511\n",
      "********** Iteration 47 ************\n",
      "[[ 8899.365  9504.283  8601.108]\n",
      " [ 9504.283 10152.902  9186.712]\n",
      " [ 8601.108  9186.712  8317.752]]\n",
      "\tEpisode Len: 100\n",
      "\tLast Episode Cost: 10685.112699 vs optimal 6.772045\n",
      "********** Iteration 48 ************\n",
      "[[ 8937.244   9557.082   8636.135 ]\n",
      " [ 9557.082  10222.5205  9236.041 ]\n",
      " [ 8636.135   9236.041   8350.077 ]]\n",
      "\tEpisode Len: 100\n",
      "\tLast Episode Cost: 10372.229627 vs optimal 3.543814\n",
      "********** Iteration 49 ************\n",
      "[[ 8949.979   9582.949   8647.454 ]\n",
      " [ 9582.949  10263.322   9259.9795]\n",
      " [ 8647.454   9259.9795  8360.064 ]]\n",
      "\tEpisode Len: 100\n",
      "\tLast Episode Cost: 16925.180228 vs optimal 8.267455\n",
      "********** Iteration 50 ************\n",
      "[[ 9261.749  9931.552  8946.638]\n",
      " [ 9931.552 10652.465  9594.597]\n",
      " [ 8946.638  9594.597  8647.159]]\n",
      "\tEpisode Len: 100\n",
      "\tLast Episode Cost: 11806.639960 vs optimal 7.096657\n",
      "********** Iteration 51 ************\n",
      "[[ 9514.366 10217.26   9190.306]\n",
      " [10217.26  10974.782  9870.211]\n",
      " [ 9190.306  9870.211  8882.199]]\n",
      "\tEpisode Len: 100\n",
      "\tLast Episode Cost: 12500.089370 vs optimal 17.843364\n",
      "********** Iteration 52 ************\n",
      "[[ 9646.141 10373.073  9318.597]\n",
      " [10373.073 11157.51  10021.812]\n",
      " [ 9318.597 10021.812  9007.099]]\n",
      "\tEpisode Len: 100\n",
      "\tLast Episode Cost: 8587.959049 vs optimal 3.471656\n",
      "********** Iteration 53 ************\n",
      "[[10319.035 11115.667  9968.439]\n",
      " [11115.667 11976.563 10738.977]\n",
      " [ 9968.439 10738.977  9634.685]]\n",
      "\tEpisode Len: 100\n",
      "\tLast Episode Cost: 14432.937477 vs optimal 13.168250\n",
      "********** Iteration 54 ************\n",
      "[[10477.155 11301.501 10118.175]\n",
      " [11301.501 12193.487 10915.237]\n",
      " [10118.175 10915.237  9776.429]]\n",
      "\tEpisode Len: 100\n",
      "\tLast Episode Cost: 13425.521637 vs optimal 19.855551\n",
      "********** Iteration 55 ************\n",
      "[[11108.085 12001.405 10725.966]\n",
      " [12001.405 12969.381 11589.519]\n",
      " [10725.966 11589.519 10361.93 ]]\n",
      "\tEpisode Len: 100\n",
      "\tLast Episode Cost: 6127.460126 vs optimal 8.402371\n",
      "********** Iteration 56 ************\n",
      "[[10954.606 11850.365 10577.656]\n",
      " [11850.365 12822.192 11443.564]\n",
      " [10577.656 11443.564 10218.62 ]]\n",
      "\tEpisode Len: 100\n",
      "\tLast Episode Cost: 13582.451248 vs optimal 4.599242\n",
      "********** Iteration 57 ************\n",
      "[[10860.228 11764.207 10488.862]\n",
      " [11764.207 12746.274 11362.928]\n",
      " [10488.862 11362.928 10135.151]]\n",
      "\tEpisode Len: 100\n",
      "\tLast Episode Cost: 14941.330886 vs optimal 1.358224\n",
      "********** Iteration 58 ************\n",
      "[[10922.506 11849.391 10549.249]\n",
      " [11849.391 12857.804 11445.465]\n",
      " [10549.249 11445.465 10193.71 ]]\n",
      "\tEpisode Len: 100\n",
      "\tLast Episode Cost: 9734.310491 vs optimal 6.468913\n",
      "********** Iteration 59 ************\n",
      "[[11327.204 12308.845 10939.753]\n",
      " [12308.845 13378.466 11888.825]\n",
      " [10939.753 11888.825 10570.524]]\n",
      "\tEpisode Len: 100\n",
      "\tLast Episode Cost: 10845.352394 vs optimal 11.816668\n",
      "********** Iteration 60 ************\n",
      "[[11754.034 12793.358 11353.721]\n",
      " [12793.358 13927.521 12358.675]\n",
      " [11353.721 12358.675 10972.023]]\n",
      "\tEpisode Len: 100\n",
      "\tLast Episode Cost: 7599.418827 vs optimal 14.690020\n",
      "********** Iteration 61 ************\n",
      "[[12051.596 13137.502 11639.825]\n",
      " [13137.502 14324.214 12689.651]\n",
      " [11639.825 12689.651 11247.115]]\n",
      "\tEpisode Len: 100\n",
      "\tLast Episode Cost: 8969.420479 vs optimal 19.523175\n",
      "********** Iteration 62 ************\n",
      "[[11831.469 12914.231 11425.925]\n",
      " [12914.231 14099.045 12472.594]\n",
      " [11425.925 12472.594 11039.282]]\n",
      "\tEpisode Len: 100\n",
      "\tLast Episode Cost: 6902.692253 vs optimal 8.312960\n",
      "********** Iteration 63 ************\n",
      "[[12084.955 13211.505 11672.893]\n",
      " [13211.505 14446.056 12762.071]\n",
      " [11672.893 12762.071 11279.897]]\n",
      "\tEpisode Len: 100\n",
      "\tLast Episode Cost: 13690.559824 vs optimal 7.457146\n",
      "********** Iteration 64 ************\n",
      "[[11931.564 13061.794 11520.897]\n",
      " [13061.794 14302.081 12613.247]\n",
      " [11520.897 12613.247 11129.394]]\n",
      "\tEpisode Len: 100\n",
      "\tLast Episode Cost: 6950.415402 vs optimal 6.063760\n",
      "********** Iteration 65 ************\n",
      "[[11608.008 12724.526 11206.733]\n",
      " [12724.526 13951.439 12285.675]\n",
      " [11206.733 12285.675 10824.373]]\n",
      "\tEpisode Len: 100\n",
      "\tLast Episode Cost: 5929.009559 vs optimal 11.400669\n",
      "********** Iteration 66 ************\n",
      "[[11555.263 12686.302 11156.398]\n",
      " [12686.302 13931.08  12249.434]\n",
      " [11156.398 12249.434 10776.361]]\n",
      "\tEpisode Len: 100\n",
      "\tLast Episode Cost: 11434.738794 vs optimal 5.488461\n",
      "********** Iteration 67 ************\n",
      "[[11792.596 12968.493 11386.309]\n",
      " [12968.493 14264.71  12522.746]\n",
      " [11386.309 12522.746 10999.098]]\n",
      "\tEpisode Len: 100\n",
      "\tLast Episode Cost: 8001.428522 vs optimal 2.213404\n",
      "********** Iteration 68 ************\n",
      "[[11717.634 12905.006 11314.36 ]\n",
      " [12905.006 14215.77  12461.932]\n",
      " [11314.36  12461.932 10930.064]]\n",
      "\tEpisode Len: 100\n",
      "\tLast Episode Cost: 5745.294588 vs optimal 4.906307\n",
      "********** Iteration 69 ************\n",
      "[[11763.938 12975.706 11357.735]\n",
      " [12975.706 14315.378 12528.724]\n",
      " [11357.735 12528.724 10970.677]]\n",
      "\tEpisode Len: 100\n",
      "\tLast Episode Cost: 5043.762365 vs optimal 7.534594\n",
      "********** Iteration 70 ************\n",
      "[[11759.533 12990.29  11354.172]\n",
      " [12990.29  14352.951 12543.58 ]\n",
      " [11354.172 12543.58  10967.929]]\n",
      "\tEpisode Len: 100\n",
      "\tLast Episode Cost: 4563.426425 vs optimal 10.872903\n",
      "********** Iteration 71 ************\n",
      "[[12203.221 13503.42  11781.671]\n",
      " [13503.42  14945.265 13038.033]\n",
      " [11781.671 13038.033 11379.853]]\n",
      "\tEpisode Len: 100\n",
      "\tLast Episode Cost: 6410.519505 vs optimal 7.278107\n",
      "********** Iteration 72 ************\n",
      "[[12685.918  14060.119  12248.899 ]\n",
      " [14060.119  15586.305  13576.8545]\n",
      " [12248.899  13576.8545 11832.137 ]]\n",
      "\tEpisode Len: 100\n",
      "\tLast Episode Cost: 5973.651680 vs optimal 11.313277\n",
      "********** Iteration 73 ************\n",
      "[[13384.724 14858.754 12921.748]\n",
      " [14858.754 16498.25  14345.881]\n",
      " [12921.748 14345.881 12480.015]]\n",
      "\tEpisode Len: 100\n",
      "\tLast Episode Cost: 4695.291412 vs optimal 4.768050\n",
      "********** Iteration 74 ************\n",
      "[[13684.134 15211.71  13213.212]\n",
      " [15211.71  16912.93  14689.328]\n",
      " [13213.212 14689.328 12763.759]]\n",
      "\tEpisode Len: 100\n",
      "\tLast Episode Cost: 3011.717665 vs optimal 20.954110\n",
      "********** Iteration 75 ************\n",
      "[[14164.844 15768.24  13673.579]\n",
      " [15768.24  17556.248 15222.461]\n",
      " [13673.579 15222.461 13204.645]]\n",
      "\tEpisode Len: 100\n",
      "\tLast Episode Cost: 5092.559946 vs optimal 4.689776\n",
      "********** Iteration 76 ************\n",
      "[[14354.931 16000.21  13860.591]\n",
      " [16000.21  17837.162 15450.335]\n",
      " [13860.591 15450.335 13388.608]]\n",
      "\tEpisode Len: 100\n",
      "\tLast Episode Cost: 5090.075064 vs optimal 8.008989\n",
      "********** Iteration 77 ************\n",
      "[[14428.967 16101.889 13930.111]\n",
      " [16101.889 17971.854 15546.312]\n",
      " [13930.111 15546.312 13453.869]]\n",
      "\tEpisode Len: 100\n",
      "\tLast Episode Cost: 5230.437743 vs optimal 17.378802\n",
      "********** Iteration 78 ************\n",
      "[[14681.256 16404.137 14172.52 ]\n",
      " [16404.137 18332.277 15836.816]\n",
      " [14172.52  15836.816 13686.812]]\n",
      "\tEpisode Len: 100\n",
      "\tLast Episode Cost: 2134.495043 vs optimal 1.837067\n",
      "********** Iteration 79 ************\n",
      "[[15025.093 16809.984 14503.618]\n",
      " [16809.984 18809.986 16227.682]\n",
      " [14503.618 16227.682 14005.675]]\n",
      "\tEpisode Len: 100\n",
      "\tLast Episode Cost: 5096.210914 vs optimal 9.817456\n",
      "********** Iteration 80 ************\n",
      "[[15204.926 17031.318 14677.993]\n",
      " [17031.318 19080.16  16442.223]\n",
      " [14677.993 16442.223 14174.793]]\n",
      "\tEpisode Len: 100\n",
      "\tLast Episode Cost: 3146.425577 vs optimal 0.838018\n",
      "********** Iteration 81 ************\n",
      "[[15596.013 17490.6   15053.195]\n",
      " [17490.6   19618.398 16882.967]\n",
      " [15053.195 16882.967 14534.779]]\n",
      "\tEpisode Len: 100\n",
      "\tLast Episode Cost: 3431.963379 vs optimal 4.630193\n",
      "********** Iteration 82 ************\n",
      "[[15869.164 17817.758 15314.   ]\n",
      " [17817.758 20008.676 17195.545]\n",
      " [15314.    17195.545 14783.805]]\n",
      "\tEpisode Len: 100\n",
      "\tLast Episode Cost: 3229.206981 vs optimal 12.440348\n",
      "********** Iteration 83 ************\n",
      "[[15507.316  17428.658  14963.5625]\n",
      " [17428.658  19591.086  16818.658 ]\n",
      " [14963.5625 16818.658  14444.462 ]]\n",
      "\tEpisode Len: 100\n",
      "\tLast Episode Cost: 4734.519517 vs optimal 10.807320\n",
      "********** Iteration 84 ************\n",
      "[[15672.567 17634.492 15118.797]\n",
      " [17634.492 19845.049 17012.514]\n",
      " [15118.797 17012.514 14590.223]]\n",
      "\tEpisode Len: 100\n",
      "\tLast Episode Cost: 2588.328966 vs optimal 20.412010\n",
      "********** Iteration 85 ************\n",
      "[[14944.691 16830.066 14416.667]\n",
      " [16830.066 18956.3   16236.555]\n",
      " [14416.667 16236.555 13912.973]]\n",
      "\tEpisode Len: 100\n",
      "\tLast Episode Cost: 3387.714953 vs optimal 9.630111\n",
      "********** Iteration 86 ************\n",
      "[[14644.227  16508.479  14123.161 ]\n",
      " [16508.479  18613.053  15922.198 ]\n",
      " [14123.161  15922.198  13626.3545]]\n",
      "\tEpisode Len: 100\n",
      "\tLast Episode Cost: 3652.845233 vs optimal 7.374612\n",
      "********** Iteration 87 ************\n",
      "[[14963.398 16889.445 14423.457]\n",
      " [16889.445 19066.422 16281.098]\n",
      " [14423.457 16281.098 13908.77 ]]\n",
      "\tEpisode Len: 100\n",
      "\tLast Episode Cost: 4291.633045 vs optimal 3.170881\n",
      "********** Iteration 88 ************\n",
      "[[14821.101 16746.69  14281.73 ]\n",
      " [16746.69  18925.465 16138.333]\n",
      " [14281.73  16138.333 13767.809]]\n",
      "\tEpisode Len: 100\n",
      "\tLast Episode Cost: 4138.534049 vs optimal 6.272207\n",
      "********** Iteration 89 ************\n",
      "[[14544.36  16450.885 14011.961]\n",
      " [16450.885 18610.326 15849.792]\n",
      " [14011.961 15849.792 13504.919]]\n",
      "\tEpisode Len: 100\n",
      "\tLast Episode Cost: 2355.742183 vs optimal 8.043350\n",
      "********** Iteration 90 ************\n",
      "[[14161.004 16033.566 13638.986]\n",
      " [16033.566 18156.744 15443.617]\n",
      " [13638.986 15443.617 13142.135]]\n",
      "\tEpisode Len: 100\n",
      "\tLast Episode Cost: 3022.201350 vs optimal 9.412404\n",
      "********** Iteration 91 ************\n",
      "[[13956.018 15818.932 13433.458]\n",
      " [15818.932 17933.521 15227.692]\n",
      " [13433.458 15227.692 12936.452]]\n",
      "\tEpisode Len: 100\n",
      "\tLast Episode Cost: 2284.691711 vs optimal 12.665032\n",
      "********** Iteration 92 ************\n",
      "[[14132.004 16038.083 13592.764]\n",
      " [16038.083 18204.266 15427.158]\n",
      " [13592.764 15427.158 13080.155]]\n",
      "\tEpisode Len: 100\n",
      "\tLast Episode Cost: 2257.076533 vs optimal 10.490929\n",
      "********** Iteration 93 ************\n",
      "[[14298.887 16246.561 13741.504]\n",
      " [16246.561 18462.553 15614.275]\n",
      " [13741.504 15614.275 13211.978]]\n",
      "\tEpisode Len: 100\n",
      "\tLast Episode Cost: 2369.810995 vs optimal 5.851774\n",
      "********** Iteration 94 ************\n",
      "[[14179.411 16126.94  13617.149]\n",
      " [16126.94  18344.969 15488.464]\n",
      " [13617.149 15488.464 13083.374]]\n",
      "\tEpisode Len: 100\n",
      "\tLast Episode Cost: 1341.211540 vs optimal 8.798776\n",
      "********** Iteration 95 ************\n",
      "[[13810.916 15722.232 13255.738]\n",
      " [15722.232 17901.047 15091.237]\n",
      " [13255.738 15091.237 12729.124]]\n",
      "\tEpisode Len: 100\n",
      "\tLast Episode Cost: 959.562060 vs optimal 7.900327\n",
      "********** Iteration 96 ************\n",
      "[[12939.856 14741.311 12416.063]\n",
      " [14741.311 16796.514 14145.633]\n",
      " [12416.063 14145.633 11919.772]]\n",
      "\tEpisode Len: 100\n",
      "\tLast Episode Cost: 1413.591650 vs optimal 1.725509\n",
      "********** Iteration 97 ************\n",
      "[[12495.728 14248.103 11982.12 ]\n",
      " [14248.103 16249.168 13663.502]\n",
      " [11982.12  13663.502 11495.99 ]]\n",
      "\tEpisode Len: 100\n",
      "\tLast Episode Cost: 1984.665856 vs optimal 11.882496\n",
      "********** Iteration 98 ************\n",
      "[[11861.528 13535.875 11367.896]\n",
      " [13535.875 15449.49  12973.605]\n",
      " [11367.896 12973.605 10901.243]]\n",
      "\tEpisode Len: 100\n",
      "\tLast Episode Cost: 630.834575 vs optimal 14.959945\n",
      "********** Iteration 99 ************\n",
      "[[11450.294 13078.313 10964.145]\n",
      " [13078.313 14940.718 12524.073]\n",
      " [10964.145 12524.073 10505.156]]\n",
      "\tEpisode Len: 100\n",
      "\tLast Episode Cost: 1268.636251 vs optimal 9.245613\n",
      "********** Iteration 100 ************\n",
      "[[11500.746 13150.51  10995.492]\n",
      " [13150.51  15039.845 12573.763]\n",
      " [10995.492 12573.763 10519.086]]\n",
      "\tEpisode Len: 100\n",
      "\tLast Episode Cost: 409.642002 vs optimal 7.503547\n",
      "********** Iteration 101 ************\n",
      "[[10604.505  12133.843  10134.241 ]\n",
      " [12133.843  13886.625  11596.7705]\n",
      " [10134.241  11596.7705  9691.536 ]]\n",
      "\tEpisode Len: 100\n",
      "\tLast Episode Cost: 765.902374 vs optimal 14.216517\n",
      "********** Iteration 102 ************\n",
      "[[ 9764.891 11180.676  9325.496]\n",
      " [11180.676 12804.599 10678.596]\n",
      " [ 9325.496 10678.596  8912.646]]\n",
      "\tEpisode Len: 100\n",
      "\tLast Episode Cost: 979.395218 vs optimal 11.478861\n",
      "********** Iteration 103 ************\n",
      "[[ 9234.278  10581.22    8809.334 ]\n",
      " [10581.22   12127.4795 10095.307 ]\n",
      " [ 8809.334  10095.307   8410.818 ]]\n",
      "\tEpisode Len: 100\n",
      "\tLast Episode Cost: 543.348474 vs optimal 8.004712\n",
      "********** Iteration 104 ************\n",
      "[[ 9123.859 10463.715  8689.599]\n",
      " [10463.715 12003.166  9966.677]\n",
      " [ 8689.599  9966.677  8283.011]]\n",
      "\tEpisode Len: 100\n",
      "\tLast Episode Cost: 18286.249996 vs optimal 4.608823\n",
      "********** Iteration 105 ************\n",
      "[[ 8289.323   9511.463   7888.614 ]\n",
      " [ 9511.463  10916.597   9052.6875]\n",
      " [ 7888.614   9052.6875  7514.3496]]\n",
      "\tEpisode Len: 100\n",
      "\tLast Episode Cost: 1286.786420 vs optimal 9.233970\n",
      "********** Iteration 106 ************\n",
      "[[ 7771.199  8922.127  7386.196]\n",
      " [ 8922.127 10246.292  8481.119]\n",
      " [ 7386.196  8481.119  7027.437]]\n",
      "\tEpisode Len: 100\n",
      "\tLast Episode Cost: 1008.490733 vs optimal 21.682515\n",
      "********** Iteration 107 ************\n",
      "[[ 7606.4355  8738.668   7213.8066]\n",
      " [ 8738.668  10042.199   8288.596 ]\n",
      " [ 7213.8066  8288.596   6848.771 ]]\n",
      "\tEpisode Len: 100\n",
      "\tLast Episode Cost: 16905.188096 vs optimal 17.008084\n",
      "********** Iteration 108 ************\n",
      "[[7195.236  8270.293  6812.3467]\n",
      " [8270.293  9508.719  7831.2   ]\n",
      " [6812.3467 7831.2    6457.259 ]]\n",
      "\tEpisode Len: 100\n",
      "\tLast Episode Cost: 20797.656980 vs optimal 10.990484\n",
      "********** Iteration 109 ************\n",
      "[[6847.326  7874.3564 6471.7183]\n",
      " [7874.3564 9058.154  7443.4194]\n",
      " [6471.7183 7443.4194 6124.2363]]\n",
      "\tEpisode Len: 100\n",
      "\tLast Episode Cost: 377.103448 vs optimal 8.225094\n",
      "********** Iteration 110 ************\n",
      "[[6470.0806 7443.774  6102.768 ]\n",
      " [7443.774  8566.706  7022.1934]\n",
      " [6102.768  7022.1934 5763.9424]]\n",
      "\tEpisode Len: 100\n",
      "\tLast Episode Cost: 1666.248110 vs optimal 15.765014\n",
      "********** Iteration 111 ************\n",
      "[[6087.2866 7005.8306 5731.946 ]\n",
      " [7005.8306 8065.668  6597.8916]\n",
      " [5731.946  6597.8916 5405.0605]]\n",
      "\tEpisode Len: 100\n",
      "\tLast Episode Cost: 4175.780168 vs optimal 4.144212\n",
      "********** Iteration 112 ************\n",
      "[[5962.425  6864.765  5599.233 ]\n",
      " [6864.765  7906.339  6447.6294]\n",
      " [5599.233  6447.6294 5266.015 ]]\n",
      "\tEpisode Len: 100\n",
      "\tLast Episode Cost: 6842.782319 vs optimal 9.869458\n",
      "********** Iteration 113 ************\n",
      "[[5639.3306 6494.507  5282.8384]\n",
      " [6494.507  7482.028  6084.9805]\n",
      " [5282.8384 6084.9805 4956.8354]]\n",
      "\tEpisode Len: 100\n",
      "\tLast Episode Cost: 1561.043875 vs optimal 1.970573\n",
      "********** Iteration 114 ************\n",
      "[[5438.847  6265.1733 5082.907 ]\n",
      " [6265.1733 7219.694  5856.1895]\n",
      " [5082.907  5856.1895 4758.2866]]\n",
      "\tEpisode Len: 100\n",
      "\tLast Episode Cost: 528.642553 vs optimal 8.618895\n",
      "********** Iteration 115 ************\n",
      "[[5286.8335 6091.2363 4926.686 ]\n",
      " [6091.2363 7020.6714 5677.3325]\n",
      " [4926.686  5677.3325 4599.191 ]]\n",
      "\tEpisode Len: 100\n",
      "\tLast Episode Cost: 22809.017850 vs optimal 11.590616\n",
      "********** Iteration 116 ************\n",
      "[[5224.098  6019.601  4854.4575]\n",
      " [6019.601  6938.8716 5594.7236]\n",
      " [4854.4575 5594.7236 4519.155 ]]\n",
      "\tEpisode Len: 100\n",
      "\tLast Episode Cost: 33035.624172 vs optimal 7.893057\n",
      "********** Iteration 117 ************\n",
      "[[5484.0244 6319.3916 5077.4507]\n",
      " [6319.3916 7284.633  5851.9453]\n",
      " [5077.4507 5851.9453 4709.301 ]]\n",
      "\tEpisode Len: 100\n",
      "\tLast Episode Cost: 42454.695163 vs optimal 6.183374\n",
      "********** Iteration 118 ************\n",
      "[[5084.386  5858.742  4693.094 ]\n",
      " [5858.742  6753.651  5408.9253]\n",
      " [4693.094  5408.9253 4340.2793]]\n",
      "\tEpisode Len: 100\n",
      "\tLast Episode Cost: 10778.820845 vs optimal 8.204906\n",
      "********** Iteration 119 ************\n",
      "[[4763.8193 5489.094  4386.1943]\n",
      " [5489.094  6327.403  5055.0537]\n",
      " [4386.1943 5055.0537 4046.8652]]\n",
      "\tEpisode Len: 100\n",
      "\tLast Episode Cost: 1617.901435 vs optimal 8.691417\n",
      "********** Iteration 120 ************\n",
      "[[4825.7954 5560.0283 4427.8184]\n",
      " [5560.0283 6408.5825 5102.5825]\n",
      " [4427.8184 5102.5825 4071.07  ]]\n",
      "\tEpisode Len: 100\n",
      "\tLast Episode Cost: 26433.400541 vs optimal 10.551561\n",
      "********** Iteration 121 ************\n",
      "[[5243.9233 6041.0107 4792.018 ]\n",
      " [6041.0107 6961.8643 5521.502 ]\n",
      " [4792.018  5521.502  4387.5273]]\n",
      "\tEpisode Len: 100\n",
      "\tLast Episode Cost: 16733.857772 vs optimal 14.642992\n",
      "********** Iteration 122 ************\n",
      "[[5391.172  6209.5103 4910.193 ]\n",
      " [6209.5103 7154.672  5656.614 ]\n",
      " [4910.193  5656.614  4480.6157]]\n",
      "\tEpisode Len: 100\n",
      "\tLast Episode Cost: 20981.042980 vs optimal 10.707694\n",
      "********** Iteration 123 ************\n",
      "[[5142.8506 5922.5366 4673.549 ]\n",
      " [5922.5366 6823.0317 5383.1763]\n",
      " [4673.549  5383.1763 4255.5225]]\n",
      "\tEpisode Len: 100\n",
      "\tLast Episode Cost: 42670.533750 vs optimal 19.347360\n",
      "********** Iteration 124 ************\n",
      "[[5507.653  6340.441  4980.852 ]\n",
      " [6340.441  7301.7554 5735.089 ]\n",
      " [4980.852  5735.089  4513.0303]]\n",
      "\tEpisode Len: 100\n",
      "\tLast Episode Cost: 33390.576063 vs optimal 5.902867\n",
      "********** Iteration 125 ************\n",
      "[[5975.9043 6876.986  5379.401 ]\n",
      " [6876.986  7916.542  6191.651 ]\n",
      " [5379.401  6191.651  4851.1226]]\n",
      "\tEpisode Len: 100\n",
      "\tLast Episode Cost: 44957.114318 vs optimal 5.542957\n",
      "********** Iteration 126 ************\n",
      "[[5941.4443 6835.55   5335.9434]\n",
      " [6835.55   7866.81   6140.0327]\n",
      " [5335.9434 6140.0327 4800.7476]]\n",
      "\tEpisode Len: 100\n",
      "\tLast Episode Cost: 227.723994 vs optimal 9.003010\n",
      "********** Iteration 127 ************\n",
      "[[6859.392  7888.5654 6126.808 ]\n",
      " [7888.5654 9074.76   7047.177 ]\n",
      " [6126.808  7047.177  5481.216 ]]\n",
      "\tEpisode Len: 100\n",
      "\tLast Episode Cost: 21676.273004 vs optimal 15.368735\n",
      "********** Iteration 128 ************\n",
      "[[7218.123 8299.062 6422.414]\n",
      " [8299.062 9544.479 7385.296]\n",
      " [6422.414 7385.296 5723.188]]\n",
      "\tEpisode Len: 100\n",
      "\tLast Episode Cost: 47850.774289 vs optimal 6.103578\n",
      "********** Iteration 129 ************\n",
      "[[7126.377  8191.7065 6329.751 ]\n",
      " [8191.7065 9418.898  7277.0776]\n",
      " [6329.751  7277.0776 5630.795 ]]\n",
      "\tEpisode Len: 100\n",
      "\tLast Episode Cost: 2325.333473 vs optimal 1.631919\n",
      "********** Iteration 130 ************\n",
      "[[ 9115.47  10474.91   8032.876]\n",
      " [10474.91  12039.698  9231.957]\n",
      " [ 8032.876  9231.957  7087.95 ]]\n",
      "\tEpisode Len: 100\n",
      "\tLast Episode Cost: 64396.797961 vs optimal 5.407073\n",
      "********** Iteration 131 ************\n",
      "[[10609.58  12189.748  9287.09 ]\n",
      " [12189.748 14007.868 10671.377]\n",
      " [ 9287.09  10671.377  8138.947]]\n",
      "\tEpisode Len: 100\n",
      "\tLast Episode Cost: 30296.207987 vs optimal 9.045424\n",
      "********** Iteration 132 ************\n",
      "[[10340.468 11878.43   9042.657]\n",
      " [11878.43  13647.741 10388.654]\n",
      " [ 9042.657 10388.654  7916.853]]\n",
      "\tEpisode Len: 100\n",
      "\tLast Episode Cost: 1233.506677 vs optimal 4.000811\n",
      "********** Iteration 133 ************\n",
      "[[11067.15   12710.8125  9652.127 ]\n",
      " [12710.8125 14601.191  11086.681 ]\n",
      " [ 9652.127  11086.681   8426.958 ]]\n",
      "\tEpisode Len: 100\n",
      "\tLast Episode Cost: 14762.528760 vs optimal 12.548031\n",
      "********** Iteration 134 ************\n",
      "[[12112.816 13909.42  10510.107]\n",
      " [13909.42  15975.107 12070.039]\n",
      " [10510.107 12070.039  9128.655]]\n",
      "\tEpisode Len: 100\n",
      "\tLast Episode Cost: 66221.915281 vs optimal 6.035716\n",
      "********** Iteration 135 ************\n",
      "[[12016.978 13797.821 10414.061]\n",
      " [13797.821 15845.183 11958.383]\n",
      " [10414.061 11958.383  9033.818]]\n",
      "\tEpisode Len: 100\n",
      "\tLast Episode Cost: 2939.861663 vs optimal 8.238906\n",
      "********** Iteration 136 ************\n",
      "[[11658.352 13385.303 10075.21 ]\n",
      " [13385.303 15370.674 11568.651]\n",
      " [10075.21  11568.651  8715.856]]\n",
      "\tEpisode Len: 100\n",
      "\tLast Episode Cost: 571.032767 vs optimal 3.842651\n",
      "********** Iteration 137 ************\n",
      "[[13217.365  15175.947  11357.498 ]\n",
      " [15175.947  17427.365  13041.448 ]\n",
      " [11357.498  13041.448   9768.5205]]\n",
      "\tEpisode Len: 100\n",
      "\tLast Episode Cost: 36653.844089 vs optimal 13.506513\n",
      "********** Iteration 138 ************\n",
      "[[14765.825 16954.879 12644.53 ]\n",
      " [16954.879 19471.07  14520.037]\n",
      " [12644.53  14520.037 10837.042]]\n",
      "\tEpisode Len: 100\n",
      "\tLast Episode Cost: 7710.087393 vs optimal 4.967339\n",
      "********** Iteration 139 ************\n",
      "[[16116.665 18507.418 13759.479]\n",
      " [18507.418 21255.42  15801.474]\n",
      " [13759.479 15801.474 11755.971]]\n",
      "\tEpisode Len: 100\n",
      "\tLast Episode Cost: 902.527605 vs optimal 0.777331\n",
      "********** Iteration 140 ************\n",
      "[[16577.799 19038.621 14123.104]\n",
      " [19038.621 21867.334 16220.434]\n",
      " [14123.104 16220.434 12040.588]]\n",
      "\tEpisode Len: 100\n",
