{
 "cells": [
  {
   "cell_type": "code",
   "execution_count": 1,
   "metadata": {},
   "outputs": [],
   "source": [
    "%load_ext autoreload\n",
    "%autoreload 2\n",
    "\n",
    "import numpy as np\n",
    "import matplotlib.pyplot as plt\n",
    "import tensorflow as tf\n",
    "import gym\n",
    "from collections import deque\n",
    "import random\n",
    "import time\n",
    "import yaml\n",
    "from klqr import *\n",
    "from train_utils import *"
   ]
  },
  {
   "cell_type": "code",
   "execution_count": 2,
   "metadata": {},
   "outputs": [],
   "source": [
    "with open('config.yml','r') as ymlfile:\n",
    "    config = yaml.load(ymlfile)\n",
    "    \n",
    "tf.reset_default_graph()\n",
    "sess = tf.InteractiveSession(config=tf.ConfigProto(log_device_placement=True))"
   ]
  },
  {
   "cell_type": "code",
   "execution_count": 3,
   "metadata": {
    "scrolled": false
   },
   "outputs": [
    {
     "name": "stdout",
     "output_type": "stream",
     "text": [
      "z shape: (?, 3)\n",
      "********** Iteration 1 ************\n",
      "Optimal cost for this problem: 14.078417703688306\n",
      "[[ 0.5949104   0.01723212 -0.4021873 ]\n",
      " [ 0.01723212  2.2583718  -0.5354465 ]\n",
      " [-0.4021873  -0.5354465   1.0991429 ]]\n",
      "\tLast Episode Reward: -734\n",
      "********** Iteration 2 ************\n",
      "Optimal cost for this problem: 0.8679269093056176\n",
      "[[ 0.74871373 -0.04579777 -0.27331132]\n",
      " [-0.04579777  3.6459193   0.04387701]\n",
      " [-0.27331132  0.04387701  1.2694242 ]]\n",
      "\tLast Episode Reward: -1163\n",
      "********** Iteration 3 ************\n",
      "Optimal cost for this problem: 9.257681793804467\n",
      "[[ 0.88226867 -0.32462257 -0.2584813 ]\n",
      " [-0.32462257  4.4979568   0.25873005]\n",
      " [-0.2584813   0.25873005  1.4498641 ]]\n",
      "\tLast Episode Reward: -7318\n",
      "********** Iteration 4 ************\n",
      "Optimal cost for this problem: 8.95773037896098\n",
      "[[ 1.0205572  -0.4978631  -0.27925065]\n",
      " [-0.4978631   5.0276456   0.41639397]\n",
      " [-0.27925065  0.41639397  1.6409516 ]]\n",
      "\tLast Episode Reward: -827\n",
      "********** Iteration 5 ************\n",
      "Optimal cost for this problem: 9.37745915282514\n",
      "[[ 1.1440403  -0.5036258  -0.28724   ]\n",
      " [-0.5036258   5.3557944   0.61929023]\n",
      " [-0.28724     0.61929023  1.8674846 ]]\n",
      "\tLast Episode Reward: -269\n",
      "********** Iteration 6 ************\n",
      "Optimal cost for this problem: 5.641159171807057\n",
      "[[ 1.2563876  -0.39019495 -0.26347563]\n",
      " [-0.39019495  5.451394    0.77812624]\n",
      " [-0.26347563  0.77812624  2.0890741 ]]\n",
      "\tLast Episode Reward: -261\n",
      "********** Iteration 7 ************\n",
      "Optimal cost for this problem: 3.526781312514082\n",
      "[[ 1.3771504  -0.20728925 -0.19343513]\n",
      " [-0.20728925  5.4172945   0.87627023]\n",
      " [-0.19343513  0.87627023  2.2933102 ]]\n",
      "\tLast Episode Reward: -200\n",
      "********** Iteration 8 ************\n",
      "Optimal cost for this problem: 10.558632032271673\n",
      "[[ 1.4815869  -0.03607748 -0.1231342 ]\n",
      " [-0.03607748  5.2755136   0.89517856]\n",
      " [-0.1231342   0.89517856  2.429288  ]]\n",
      "\tLast Episode Reward: -119\n",
      "********** Iteration 9 ************\n",
      "Optimal cost for this problem: 17.636091248475545\n",
      "[[ 1.5590903   0.0938282  -0.07042554]\n",
      " [ 0.0938282   5.078045    0.841629  ]\n",
      " [-0.07042554  0.841629    2.4857025 ]]\n",
      "\tLast Episode Reward: -174\n",
      "********** Iteration 10 ************\n",
      "Optimal cost for this problem: 5.642723399389238\n",
      "[[ 1.6242092   0.2229409  -0.0181745 ]\n",
      " [ 0.2229409   4.841898    0.76677585]\n",
      " [-0.0181745   0.76677585  2.5073495 ]]\n",
      "\tLast Episode Reward: -104\n",
      "********** Iteration 11 ************\n",
      "Optimal cost for this problem: 11.4597647265892\n",
      "[[1.6601225  0.3328335  0.01983058]\n",
      " [0.3328335  4.624096   0.70602155]\n",
      " [0.01983058 0.70602155 2.5065837 ]]\n",
      "\tLast Episode Reward: -100\n",
      "********** Iteration 12 ************\n",
      "Optimal cost for this problem: 5.300969348946885\n",
      "[[1.6880193  0.42479512 0.05419061]\n",
      " [0.42479512 4.3864675  0.6221098 ]\n",
      " [0.05419061 0.6221098  2.4848232 ]]\n",
      "\tLast Episode Reward: -97\n",
      "********** Iteration 13 ************\n",
      "Optimal cost for this problem: 4.948508500428506\n",
      "[[1.7056787  0.5054443  0.08531567]\n",
      " [0.5054443  4.167286   0.5536399 ]\n",
      " [0.08531567 0.5536399  2.4721284 ]]\n",
      "\tLast Episode Reward: -120\n",
      "********** Iteration 14 ************\n",
      "Optimal cost for this problem: 7.155826789847532\n",
      "[[1.7173598  0.5688139  0.11199176]\n",
      " [0.5688139  3.9879904  0.49296516]\n",
      " [0.11199176 0.49296516 2.4519334 ]]\n",
      "\tLast Episode Reward: -115\n",
      "********** Iteration 15 ************\n",
      "Optimal cost for this problem: 8.135177618565068\n",
      "[[1.7164036  0.61155343 0.12764624]\n",
      " [0.61155343 3.827098   0.433477  ]\n",
      " [0.12764624 0.433477   2.4270008 ]]\n",
      "\tLast Episode Reward: -98\n",
      "********** Iteration 16 ************\n",
      "Optimal cost for this problem: 10.154338698067457\n",
      "[[1.7119234  0.6427815  0.13868386]\n",
      " [0.6427815  3.709819   0.39194983]\n",
      " [0.13868386 0.39194983 2.407787  ]]\n",
      "\tLast Episode Reward: -96\n",
      "********** Iteration 17 ************\n",
      "Optimal cost for this problem: 4.809215662964908\n",
      "[[1.7127227  0.6709703  0.15686852]\n",
      " [0.6709703  3.607923   0.35457003]\n",
      " [0.15686852 0.35457003 2.4024222 ]]\n",
      "\tLast Episode Reward: -126\n",
      "********** Iteration 18 ************\n",
      "Optimal cost for this problem: 14.160894584969384\n",
      "[[1.7031484  0.68575895 0.16050315]\n",
      " [0.68575895 3.5245366  0.31768918]\n",
      " [0.16050315 0.31768918 2.3866992 ]]\n",
      "\tLast Episode Reward: -135\n",
      "********** Iteration 19 ************\n",
      "Optimal cost for this problem: 11.325896234307313\n",
      "[[1.7047819  0.7098636  0.17693773]\n",
      " [0.7098636  3.4526446  0.29999816]\n",
      " [0.17693773 0.29999816 2.395411  ]]\n",
      "\tLast Episode Reward: -110\n",
      "********** Iteration 20 ************\n",
      "Optimal cost for this problem: 10.83162490545539\n",
      "[[1.6974256  0.71648693 0.17930019]\n",
      " [0.71648693 3.3821456  0.25946936]\n",
      " [0.17930019 0.25946936 2.3767853 ]]\n",
      "\tLast Episode Reward: -127\n",
      "********** Iteration 21 ************\n",
      "Optimal cost for this problem: 10.021551834433865\n",
      "[[1.6906446  0.7315787  0.18170252]\n",
      " [0.7315787  3.3179114  0.24022624]\n",
      " [0.18170252 0.24022624 2.3714051 ]]\n",
      "\tLast Episode Reward: -128\n",
      "********** Iteration 22 ************\n",
      "Optimal cost for this problem: 6.286158502651985\n",
      "[[1.6850163  0.7450781  0.18954635]\n",
      " [0.7450781  3.261352   0.21986304]\n",
      " [0.18954635 0.21986304 2.3747756 ]]\n",
      "\tLast Episode Reward: -149\n",
      "********** Iteration 23 ************\n",
      "Optimal cost for this problem: 13.059795663656331\n",
      "[[1.6830251  0.761523   0.19404152]\n",
      " [0.761523   3.21154    0.2122112 ]\n",
      " [0.19404152 0.2122112  2.3844352 ]]\n",
      "\tLast Episode Reward: -176\n",
      "********** Iteration 24 ************\n",
      "Optimal cost for this problem: 5.010802734573089\n",
      "[[1.67627    0.76867115 0.19178554]\n",
      " [0.76867115 3.143193   0.18157619]\n",
      " [0.19178554 0.18157619 2.3713698 ]]\n",
      "\tLast Episode Reward: -136\n",
      "********** Iteration 25 ************\n",
      "Optimal cost for this problem: 2.026098782143407\n",
      "[[1.6713661  0.7788732  0.19334674]\n",
      " [0.7788732  3.092002   0.1672889 ]\n",
      " [0.19334674 0.1672889  2.3723252 ]]\n",
      "\tLast Episode Reward: -133\n",
      "********** Iteration 26 ************\n",
      "Optimal cost for this problem: 5.328174599884214\n",
      "[[1.6697533  0.7900797  0.19590914]\n",
      " [0.7900797  3.0431283  0.15474217]\n",
      " [0.19590914 0.15474217 2.3805475 ]]\n",
      "\tLast Episode Reward: -143\n",
      "********** Iteration 27 ************\n",
      "Optimal cost for this problem: 6.089062003824891\n",
      "[[1.6666567  0.796203   0.19549456]\n",
      " [0.796203   2.999451   0.13293985]\n",
      " [0.19549456 0.13293985 2.3828855 ]]\n",
      "\tLast Episode Reward: -93\n",
      "********** Iteration 28 ************\n",
      "Optimal cost for this problem: 11.147193028095991\n",
      "[[1.6704668  0.8114091  0.1980322 ]\n",
      " [0.8114091  2.9541562  0.12615514]\n",
      " [0.1980322  0.12615514 2.39427   ]]\n",
      "\tLast Episode Reward: -148\n",
      "********** Iteration 29 ************\n",
      "Optimal cost for this problem: 4.231974882068828\n",
      "[[1.6740547  0.82135034 0.19672382]\n",
      " [0.82135034 2.909696   0.11022186]\n",
      " [0.19672382 0.11022186 2.402719  ]]\n",
      "\tLast Episode Reward: -145\n",
      "********** Iteration 30 ************\n",
      "Optimal cost for this problem: 9.506362304300744\n",
      "[[1.6775719  0.8383507  0.19648203]\n",
      " [0.8383507  2.861664   0.10897221]\n",
      " [0.19648203 0.10897221 2.415365  ]]\n",
      "\tLast Episode Reward: -116\n",
      "********** Iteration 31 ************\n",
      "Optimal cost for this problem: 6.8276864341761625\n",
      "[[1.679034   0.84459794 0.1916188 ]\n",
      " [0.84459794 2.8213544  0.08712226]\n",
      " [0.1916188  0.08712226 2.421053  ]]\n",
      "\tLast Episode Reward: -96\n",
      "********** Iteration 32 ************\n",
      "Optimal cost for this problem: 2.04795256475723\n",
      "[[1.6855015  0.8504046  0.19092867]\n",
      " [0.8504046  2.7888172  0.06435928]\n",
      " [0.19092867 0.06435928 2.4294662 ]]\n",
      "\tLast Episode Reward: -136\n",
      "********** Iteration 33 ************\n",
      "Optimal cost for this problem: 12.27552808708556\n",
      "[[1.688737   0.8583621  0.18617666]\n",
      " [0.8583621  2.7515378  0.05112638]\n",
      " [0.18617666 0.05112638 2.4355683 ]]\n",
      "\tLast Episode Reward: -96\n",
      "********** Iteration 34 ************\n",
      "Optimal cost for this problem: 16.35808593806457\n",
      "[[1.7047216  0.8707018  0.19666943]\n",
      " [0.8707018  2.7262743  0.04005098]\n",
      " [0.19666943 0.04005098 2.4614758 ]]\n",
      "\tLast Episode Reward: -118\n",
      "********** Iteration 35 ************\n",
      "Optimal cost for this problem: 11.713752883717623\n",
      "[[1.7043998  0.8794863  0.19474566]\n",
      " [0.8794863  2.6732957  0.02302928]\n",
      " [0.19474566 0.02302928 2.4722471 ]]\n",
      "\tLast Episode Reward: -144\n",
      "********** Iteration 36 ************\n",
      "Optimal cost for this problem: 12.631927030166771\n",
      "[[1.7281885  0.8973317  0.20745727]\n",
      " [0.8973317  2.6461704  0.0221008 ]\n",
      " [0.20745727 0.0221008  2.5217392 ]]\n",
      "\tLast Episode Reward: -258\n",
      "********** Iteration 37 ************\n",
      "Optimal cost for this problem: 6.9394980762142255\n",
      "[[ 1.7404935e+00  9.0407544e-01  2.0404491e-01]\n",
      " [ 9.0407544e-01  2.6080384e+00 -8.6211413e-04]\n",
      " [ 2.0404491e-01 -8.6211413e-04  2.5409474e+00]]\n",
      "\tLast Episode Reward: -105\n",
      "********** Iteration 38 ************\n",
      "Optimal cost for this problem: 10.185729740212242\n",
      "[[ 1.7503563   0.9148318   0.20170447]\n",
      " [ 0.9148318   2.5669544  -0.01010749]\n",
      " [ 0.20170447 -0.01010749  2.5649858 ]]\n",
      "\tLast Episode Reward: -114\n",
      "********** Iteration 39 ************\n",
      "Optimal cost for this problem: 6.995664158251383\n",
      "[[ 1.7640061   0.9196123   0.20860246]\n",
      " [ 0.9196123   2.5331216  -0.02393755]\n",
      " [ 0.20860246 -0.02393755  2.5971885 ]]\n",
      "\tLast Episode Reward: -150\n",
      "********** Iteration 40 ************\n",
      "Optimal cost for this problem: 7.3774588678298825\n",
      "[[ 1.7820724   0.9332613   0.2136131 ]\n",
      " [ 0.9332613   2.5039313  -0.03271149]\n",
      " [ 0.2136131  -0.03271149  2.6462624 ]]\n",
      "\tLast Episode Reward: -196\n",
      "********** Iteration 41 ************\n",
      "Optimal cost for this problem: 0.11184315990863188\n",
      "[[ 1.7999722   0.9408116   0.21516931]\n",
      " [ 0.9408116   2.473337   -0.05354743]\n",
      " [ 0.21516931 -0.05354743  2.6819887 ]]\n",
      "\tLast Episode Reward: -115\n",
      "********** Iteration 42 ************\n",
      "Optimal cost for this problem: 7.917367418888442\n",
      "[[ 1.8195367   0.9505385   0.21645224]\n",
      " [ 0.9505385   2.4403186  -0.06331734]\n",
      " [ 0.21645224 -0.06331734  2.717686  ]]\n",
      "\tLast Episode Reward: -178\n",
      "********** Iteration 43 ************\n",
      "Optimal cost for this problem: 17.420643964623274\n",
      "[[ 1.8333104   0.96138424  0.2164155 ]\n",
      " [ 0.96138424  2.3963938  -0.07271846]\n",
      " [ 0.2164155  -0.07271846  2.7559159 ]]\n",
      "\tLast Episode Reward: -152\n",
      "********** Iteration 44 ************\n",
      "Optimal cost for this problem: 5.076533568269467\n",
      "[[ 1.8468394   0.96895325  0.2068357 ]\n",
      " [ 0.96895325  2.3633552  -0.08658187]\n",
      " [ 0.2068357  -0.08658187  2.7745128 ]]\n",
      "\tLast Episode Reward: -190\n",
      "********** Iteration 45 ************\n",
      "Optimal cost for this problem: 9.283819253918846\n",
      "[[ 1.8634808   0.9768103   0.20385742]\n",
      " [ 0.9768103   2.3333356  -0.10055291]\n",
      " [ 0.20385742 -0.10055291  2.812841  ]]\n",
      "\tLast Episode Reward: -103\n",
      "********** Iteration 46 ************\n",
      "Optimal cost for this problem: 5.18289716929161\n",
      "[[ 1.889947    0.9840476   0.19934437]\n",
      " [ 0.9840476   2.316584   -0.12116946]\n",
      " [ 0.19934437 -0.12116946  2.8545947 ]]\n",
      "\tLast Episode Reward: -212\n",
      "********** Iteration 47 ************\n",
      "Optimal cost for this problem: 10.831747369326662\n",
      "[[ 1.9156096   0.9978453   0.19021982]\n",
      " [ 0.9978453   2.290211   -0.1403802 ]\n",
      " [ 0.19021982 -0.1403802   2.8967075 ]]\n",
      "\tLast Episode Reward: -173\n",
      "********** Iteration 48 ************\n",
      "Optimal cost for this problem: 16.30840927421747\n",
      "[[ 1.926004    1.0003531   0.18465748]\n",
      " [ 1.0003531   2.250952   -0.16191848]\n",
      " [ 0.18465748 -0.16191848  2.922812  ]]\n",
      "\tLast Episode Reward: -157\n",
      "********** Iteration 49 ************\n",
      "Optimal cost for this problem: 3.036229142239582\n",
      "[[ 1.9365664   1.0060446   0.17098813]\n",
      " [ 1.0060446   2.216928   -0.17434472]\n",
      " [ 0.17098813 -0.17434472  2.9420428 ]]\n",
      "\tLast Episode Reward: -216\n",
      "********** Iteration 50 ************\n",
      "Optimal cost for this problem: 5.092490486472864\n",
      "[[ 1.963254    1.014117    0.16583277]\n",
      " [ 1.014117    2.2012703  -0.19173247]\n",
      " [ 0.16583277 -0.19173247  2.9801743 ]]\n",
      "\tLast Episode Reward: -133\n",
      "********** Iteration 51 ************\n",
      "Optimal cost for this problem: 5.676784418350217\n",
      "[[ 1.9778142   1.0118308   0.17278887]\n",
      " [ 1.0118308   2.1787193  -0.22158608]\n",
      " [ 0.17278887 -0.22158608  3.018102  ]]\n",
      "\tLast Episode Reward: -107\n",
      "********** Iteration 52 ************\n",
      "Optimal cost for this problem: 15.818979584215029\n",
      "[[ 2.0092344   1.0206461   0.18136784]\n",
      " [ 1.0206461   2.167245   -0.23669545]\n",
      " [ 0.18136784 -0.23669545  3.0751362 ]]\n",
      "\tLast Episode Reward: -139\n",
      "********** Iteration 53 ************\n",
      "Optimal cost for this problem: 8.553108226474688\n",
      "[[ 2.025349    1.0301446   0.17650694]\n",
      " [ 1.0301446   2.135937   -0.24218342]\n",
      " [ 0.17650694 -0.24218342  3.1158624 ]]\n",
      "\tLast Episode Reward: -145\n",
      "********** Iteration 54 ************\n",
      "Optimal cost for this problem: 17.067851883741476\n",
      "[[ 2.0219076   1.0288249   0.16901322]\n",
      " [ 1.0288249   2.1041985  -0.25472242]\n",
      " [ 0.16901322 -0.25472242  3.110481  ]]\n",
      "\tLast Episode Reward: -102\n",
      "********** Iteration 55 ************\n",
      "Optimal cost for this problem: 4.511786191538309\n",
      "[[ 2.0373492   1.032976    0.17720975]\n",
      " [ 1.032976    2.0881128  -0.26193213]\n",
      " [ 0.17720975 -0.26193213  3.1491938 ]]\n",
      "\tLast Episode Reward: -166\n",
      "********** Iteration 56 ************\n",
      "Optimal cost for this problem: 4.599746261616841\n",
      "[[ 2.046065    1.0353544   0.16305967]\n",
      " [ 1.0353544   2.066432   -0.27246544]\n",
      " [ 0.16305967 -0.27246544  3.162751  ]]\n",
      "\tLast Episode Reward: -178\n",
      "********** Iteration 57 ************\n",
      "Optimal cost for this problem: 5.142891093707291\n",
      "[[ 2.048292    1.0282677   0.14860019]\n",
      " [ 1.0282677   2.0534155  -0.3007909 ]\n",
      " [ 0.14860019 -0.3007909   3.164633  ]]\n",
      "\tLast Episode Reward: -132\n",
      "********** Iteration 58 ************\n",
      "Optimal cost for this problem: 12.972403212156456\n",
      "[[ 2.0640724   1.0316315   0.15912604]\n",
      " [ 1.0316315   2.0393445  -0.29504526]\n",
      " [ 0.15912604 -0.29504526  3.188392  ]]\n",
      "\tLast Episode Reward: -150\n",
      "********** Iteration 59 ************\n",
      "Optimal cost for this problem: 3.309367997731875\n",
      "[[ 2.0895193   1.0348508   0.1627842 ]\n",
      " [ 1.0348508   2.0297196  -0.30071127]\n",
      " [ 0.1627842  -0.30071127  3.2182004 ]]\n",
      "\tLast Episode Reward: -131\n",
      "********** Iteration 60 ************\n",
      "Optimal cost for this problem: 18.29888046166337\n",
      "[[ 2.1138234  1.0468307  0.1629439]\n",
      " [ 1.0468307  2.025817  -0.288419 ]\n",
      " [ 0.1629439 -0.288419   3.241764 ]]\n",
      "\tLast Episode Reward: -76\n",
      "********** Iteration 61 ************\n",
      "Optimal cost for this problem: 4.676518578209407\n",
      "[[ 2.1289887   1.0536735   0.16196293]\n",
      " [ 1.0536735   2.009618   -0.28886795]\n",
      " [ 0.16196293 -0.28886795  3.255354  ]]\n",
      "\tLast Episode Reward: -209\n",
      "********** Iteration 62 ************\n",
      "Optimal cost for this problem: 4.977761117198206\n",
      "[[ 2.133531    1.045284    0.18015808]\n",
      " [ 1.045284    1.9923565  -0.29726666]\n",
      " [ 0.18015808 -0.29726666  3.261756  ]]\n",
      "\tLast Episode Reward: -123\n",
      "********** Iteration 63 ************\n",
      "Optimal cost for this problem: 7.807333847870749\n",
      "[[ 2.1421146   1.0511153   0.1884405 ]\n",
      " [ 1.0511153   1.9746675  -0.26383713]\n",
      " [ 0.1884405  -0.26383713  3.2692678 ]]\n",
      "\tLast Episode Reward: -134\n",
      "********** Iteration 64 ************\n",
      "Optimal cost for this problem: 6.095325009902345\n",
      "[[ 2.1458645   1.0408449   0.20318136]\n",
      " [ 1.0408449   1.9672047  -0.28199124]\n",
      " [ 0.20318136 -0.28199124  3.2599726 ]]\n",
      "\tLast Episode Reward: -171\n",
      "********** Iteration 65 ************\n",
      "Optimal cost for this problem: 6.748554302979616\n",
      "[[ 2.174135    1.0576086   0.22523138]\n",
      " [ 1.0576086   1.9569013  -0.25999147]\n",
      " [ 0.22523138 -0.25999147  3.2889218 ]]\n",
      "\tLast Episode Reward: -135\n",
      "********** Iteration 66 ************\n",
      "Optimal cost for this problem: 12.746243197681824\n",
      "[[ 2.1649961   1.051344    0.21887235]\n",
      " [ 1.051344    1.9586539  -0.25681466]\n",
      " [ 0.21887235 -0.25681466  3.234013  ]]\n",
      "\tLast Episode Reward: -122\n",
      "********** Iteration 67 ************\n",
      "Optimal cost for this problem: 6.4063048790056865\n",
      "[[ 2.18083     1.0596861   0.24981013]\n",
      " [ 1.0596861   1.9531772  -0.23064026]\n",
      " [ 0.24981013 -0.23064026  3.2555401 ]]\n",
      "\tLast Episode Reward: -175\n",
      "********** Iteration 68 ************\n",
      "Optimal cost for this problem: 9.97639336882049\n",
      "[[ 2.1832485   1.0646745   0.26537842]\n",
      " [ 1.0646745   1.9474258  -0.20879924]\n",
      " [ 0.26537842 -0.20879924  3.2371168 ]]\n",
      "\tLast Episode Reward: -269\n",
      "********** Iteration 69 ************\n",
      "Optimal cost for this problem: 1.1902022396480323\n",
      "[[ 2.1809216   1.0612302   0.30585927]\n",
      " [ 1.0612302   1.9387239  -0.18965805]\n",
      " [ 0.30585927 -0.18965805  3.241229  ]]\n",
      "\tLast Episode Reward: -135\n",
      "********** Iteration 70 ************\n",
      "Optimal cost for this problem: 7.69998239400994\n",
      "[[ 2.200693    1.0668368   0.33400878]\n",
      " [ 1.0668368   1.9429867  -0.16936539]\n",
      " [ 0.33400878 -0.16936539  3.2609293 ]]\n",
      "\tLast Episode Reward: -124\n",
      "********** Iteration 71 ************\n",
      "Optimal cost for this problem: 17.91199930693206\n",
      "[[ 2.2198696   1.0636594   0.36122328]\n",
      " [ 1.0636594   1.9551079  -0.15661204]\n",
      " [ 0.36122328 -0.15661204  3.2431488 ]]\n",
      "\tLast Episode Reward: -190\n",
      "********** Iteration 72 ************\n",
      "Optimal cost for this problem: 7.354952167803004\n",
      "[[ 2.2323875   1.0755513   0.40284136]\n",
      " [ 1.0755513   1.9506745  -0.12425294]\n",
      " [ 0.40284136 -0.12425294  3.2518938 ]]\n",
      "\tLast Episode Reward: -168\n",
      "********** Iteration 73 ************\n",
      "Optimal cost for this problem: 2.494671405939153\n",
      "[[ 2.2555265   1.0852927   0.46070638]\n",
      " [ 1.0852927   1.9572715  -0.0910692 ]\n",
      " [ 0.46070638 -0.0910692   3.2619388 ]]\n",
      "\tLast Episode Reward: -153\n",
      "********** Iteration 74 ************\n",
      "Optimal cost for this problem: 3.734161981351532\n",
      "[[ 2.252595    1.0901357   0.48278025]\n",
      " [ 1.0901357   1.9623365  -0.05872382]\n",
      " [ 0.48278025 -0.05872382  3.2134626 ]]\n",
      "\tLast Episode Reward: -158\n",
      "********** Iteration 75 ************\n",
      "Optimal cost for this problem: 16.13078019843951\n",
      "[[ 2.2780576   1.1080134   0.5092727 ]\n",
      " [ 1.1080134   1.9879156  -0.00836347]\n",
      " [ 0.5092727  -0.00836347  3.2217863 ]]\n",
      "\tLast Episode Reward: -161\n",
      "********** Iteration 76 ************\n",
      "Optimal cost for this problem: 6.358226245175958\n",
      "[[2.2683809  1.1174037  0.5098909 ]\n",
      " [1.1174037  1.9942949  0.02775466]\n",
      " [0.5098909  0.02775466 3.181733  ]]\n",
      "\tLast Episode Reward: -184\n",
      "********** Iteration 77 ************\n",
      "Optimal cost for this problem: 4.504229040642423\n",
      "[[2.2511792  1.1162539  0.52697736]\n",
      " [1.1162539  1.9891996  0.05690155]\n",
      " [0.52697736 0.05690155 3.1534688 ]]\n",
      "\tLast Episode Reward: -144\n",
      "********** Iteration 78 ************\n",
      "Optimal cost for this problem: 2.7798400452879553\n",
      "[[2.2250547  1.1226511  0.51300776]\n",
      " [1.1226511  1.9839092  0.08526154]\n",
      " [0.51300776 0.08526154 3.0804882 ]]\n",
      "\tLast Episode Reward: -159\n",
      "********** Iteration 79 ************\n",
      "Optimal cost for this problem: 11.571731478040444\n",
      "[[2.243677   1.1350639  0.53689915]\n",
      " [1.1350639  2.0090964  0.12706433]\n",
      " [0.53689915 0.12706433 3.0724313 ]]\n",
      "\tLast Episode Reward: -129\n",
      "********** Iteration 80 ************\n",
      "Optimal cost for this problem: 9.86080649621504\n",
      "[[2.2298634  1.1340735  0.5546199 ]\n",
      " [1.1340735  2.019648   0.15759978]\n",
      " [0.5546199  0.15759978 3.0401137 ]]\n",
      "\tLast Episode Reward: -155\n",
      "********** Iteration 81 ************\n",
      "Optimal cost for this problem: 6.17347237390223\n",
      "[[2.1781971  1.1202624  0.5448619 ]\n",
      " [1.1202624  2.0084674  0.17550743]\n",
      " [0.5448619  0.17550743 2.964182  ]]\n",
      "\tLast Episode Reward: -122\n",
      "********** Iteration 82 ************\n",
      "Optimal cost for this problem: 5.739173173531649\n",
      "[[2.1655302  1.1142323  0.56177217]\n",
      " [1.1142323  2.0314925  0.19314381]\n",
      " [0.56177217 0.19314381 2.9392219 ]]\n",
      "\tLast Episode Reward: -124\n",
      "********** Iteration 83 ************\n",
      "Optimal cost for this problem: 7.766385617801193\n",
      "[[2.1220655 1.1008894 0.5385685]\n",
      " [1.1008894 2.0367684 0.1857008]\n",
      " [0.5385685 0.1857008 2.8379564]]\n",
      "\tLast Episode Reward: -119\n",
      "********** Iteration 84 ************\n",
      "Optimal cost for this problem: 19.549553327342192\n",
      "[[2.1311593  1.1027814  0.59229714]\n",
      " [1.1027814  2.0612972  0.21621767]\n",
      " [0.59229714 0.21621767 2.8614407 ]]\n",
      "\tLast Episode Reward: -204\n",
      "********** Iteration 85 ************\n",
      "Optimal cost for this problem: 13.449731269982461\n",
      "[[2.1103983  1.1081762  0.60461676]\n",
      " [1.1081762  2.072641   0.26028204]\n",
      " [0.60461676 0.26028204 2.833125  ]]\n",
      "\tLast Episode Reward: -212\n",
      "********** Iteration 86 ************\n",
      "Optimal cost for this problem: 10.279086955848966\n",
      "[[2.0564766  1.087842   0.57232785]\n",
      " [1.087842   2.0704315  0.2687044 ]\n",
      " [0.57232785 0.2687044  2.7316272 ]]\n",
      "\tLast Episode Reward: -162\n",
      "********** Iteration 87 ************\n",
      "Optimal cost for this problem: 4.631135100301789\n",
      "[[2.0119405 1.0791311 0.5806918]\n",
      " [1.0791311 2.0937998 0.3150239]\n",
      " [0.5806918 0.3150239 2.6993065]]\n",
      "\tLast Episode Reward: -108\n",
      "********** Iteration 88 ************\n",
      "Optimal cost for this problem: 20.361115254209246\n",
      "[[1.940361   1.0451331  0.5441201 ]\n",
      " [1.0451331  2.0944054  0.32248127]\n",
      " [0.5441201  0.32248127 2.6063533 ]]\n",
      "\tLast Episode Reward: -150\n",
      "********** Iteration 89 ************\n",
      "Optimal cost for this problem: 14.156815555379335\n",
      "[[1.8933525  1.0308876  0.52129364]\n",
      " [1.0308876  2.0962644  0.35591424]\n",
      " [0.52129364 0.35591424 2.556161  ]]\n",
      "\tLast Episode Reward: -135\n",
      "********** Iteration 90 ************\n",
      "Optimal cost for this problem: 18.369781445322477\n",
      "[[1.8547049  1.005297   0.49856263]\n",
      " [1.005297   2.09523    0.35799944]\n",
      " [0.49856263 0.35799944 2.5071445 ]]\n",
      "\tLast Episode Reward: -150\n",
      "********** Iteration 91 ************\n",
      "Optimal cost for this problem: 4.141447509901075\n",
      "[[1.783192   0.9704695  0.464361  ]\n",
      " [0.9704695  2.0769901  0.36611584]\n",
      " [0.464361   0.36611584 2.4330146 ]]\n",
      "\tLast Episode Reward: -132\n",
      "********** Iteration 92 ************\n",
      "Optimal cost for this problem: 2.1922293799787242\n",
      "[[1.7423753  0.9362407  0.46030927]\n",
      " [0.9362407  2.0645876  0.36784697]\n",
      " [0.46030927 0.36784697 2.3857617 ]]\n",
      "\tLast Episode Reward: -187\n",
      "********** Iteration 93 ************\n",
      "Optimal cost for this problem: 2.8735853352306973\n",
      "[[1.683304   0.8977566  0.44547987]\n",
      " [0.8977566  2.0555182  0.3609643 ]\n",
      " [0.44547987 0.3609643  2.3242939 ]]\n",
      "\tLast Episode Reward: -143\n",
      "********** Iteration 94 ************\n",
      "Optimal cost for this problem: 16.64356609608941\n",
      "[[1.6345751  0.8590023  0.42415673]\n",
      " [0.8590023  2.0513034  0.36597052]\n",
      " [0.42415673 0.36597052 2.2741218 ]]\n",
      "\tLast Episode Reward: -117\n",
      "********** Iteration 95 ************\n",
      "Optimal cost for this problem: 1.880022355822036\n",
      "[[1.6091483  0.82785237 0.42641032]\n",
      " [0.82785237 2.0400987  0.36609972]\n",
      " [0.42641032 0.36609972 2.2460752 ]]\n",
      "\tLast Episode Reward: -147\n",
      "********** Iteration 96 ************\n",
      "Optimal cost for this problem: 3.3477042537073567\n",
      "[[1.5697374  0.7990527  0.42024043]\n",
      " [0.7990527  2.0241773  0.38057345]\n",
      " [0.42024043 0.38057345 2.2090335 ]]\n",
      "\tLast Episode Reward: -124\n",
      "********** Iteration 97 ************\n",
      "Optimal cost for this problem: 17.002944096883617\n",
      "[[1.5189676 0.7627957 0.4197912]\n",
      " [0.7627957 2.007224  0.382609 ]\n",
      " [0.4197912 0.382609  2.1822245]]\n",
      "\tLast Episode Reward: -177\n",
      "********** Iteration 98 ************\n",
      "Optimal cost for this problem: 18.910033741483417\n",
      "[[1.4846766  0.7244626  0.39506084]\n",
      " [0.7244626  2.009459   0.38482195]\n",
      " [0.39506084 0.38482195 2.1341763 ]]\n",
      "\tLast Episode Reward: -149\n",
      "********** Iteration 99 ************\n",
      "Optimal cost for this problem: 9.406759542877474\n",
      "[[1.4473906  0.6956544  0.37159002]\n",
      " [0.6956544  1.9896178  0.3855654 ]\n",
      " [0.37159002 0.3855654  2.1048236 ]]\n",
      "\tLast Episode Reward: -132\n",
      "********** Iteration 100 ************\n",
      "Optimal cost for this problem: 9.159335717504119\n",
      "[[1.4052589  0.6588401  0.35717484]\n",
      " [0.6588401  1.9531541  0.37388504]\n",
      " [0.35717484 0.37388504 2.0649297 ]]\n",
      "\tLast Episode Reward: -146\n",
      "********** Iteration 101 ************\n",
      "Optimal cost for this problem: 13.25619938772061\n",
      "[[1.3818512  0.6325452  0.34887528]\n",
      " [0.6325452  1.9300792  0.36592174]\n",
      " [0.34887528 0.36592174 2.0295794 ]]\n",
      "\tLast Episode Reward: -126\n",
      "********** Iteration 102 ************\n",
      "Optimal cost for this problem: 5.895516754708074\n",
      "[[1.3513536  0.61121625 0.33983463]\n",
      " [0.61121625 1.9066782  0.37250555]\n",
      " [0.33983463 0.37250555 2.0044749 ]]\n",
      "\tLast Episode Reward: -119\n",
      "********** Iteration 103 ************\n",
      "Optimal cost for this problem: 8.778702482166675\n",
      "[[1.3272753  0.5857312  0.33740875]\n",
      " [0.5857312  1.8841444  0.3740598 ]\n",
      " [0.33740875 0.3740598  1.9765817 ]]\n",
      "\tLast Episode Reward: -128\n",
      "********** Iteration 104 ************\n",
      "Optimal cost for this problem: 13.606746355537396\n",
      "[[1.302432   0.574748   0.34030548]\n",
      " [0.574748   1.8520843  0.38014442]\n",
      " [0.34030548 0.38014442 1.9660583 ]]\n",
      "\tLast Episode Reward: -179\n",
      "********** Iteration 105 ************\n",
      "Optimal cost for this problem: 5.391639951700224\n",
      "[[1.2916763  0.5552996  0.3270244 ]\n",
      " [0.5552996  1.8423148  0.36719042]\n",
      " [0.3270244  0.36719042 1.9310298 ]]\n",
      "\tLast Episode Reward: -130\n",
      "********** Iteration 106 ************\n",
      "Optimal cost for this problem: 2.059952149053256\n",
      "[[1.2770817  0.54172075 0.32552367]\n",
      " [0.54172075 1.8269148  0.36724895]\n",
      " [0.32552367 0.36724895 1.9210731 ]]\n",
      "\tLast Episode Reward: -132\n",
      "********** Iteration 107 ************\n",
      "Optimal cost for this problem: 9.094702330050811\n",
      "[[1.2499566  0.5241035  0.31022853]\n",
      " [0.5241035  1.7974734  0.36268196]\n",
      " [0.31022853 0.36268196 1.8951728 ]]\n",
      "\tLast Episode Reward: -149\n",
      "********** Iteration 108 ************\n",
      "Optimal cost for this problem: 14.885664912881449\n",
      "[[1.2207643  0.5061505  0.2863499 ]\n",
      " [0.5061505  1.7770581  0.34483862]\n",
      " [0.2863499  0.34483862 1.8601856 ]]\n",
      "\tLast Episode Reward: -168\n",
      "********** Iteration 109 ************\n",
      "Optimal cost for this problem: 19.202223054581015\n",
      "[[1.1896226  0.4905634  0.27629542]\n",
      " [0.4905634  1.7413884  0.33634263]\n",
      " [0.27629542 0.33634263 1.8296657 ]]\n",
      "\tLast Episode Reward: -187\n",
      "********** Iteration 110 ************\n",
      "Optimal cost for this problem: 19.46610644433374\n",
      "[[1.1762294  0.4811483  0.2699843 ]\n",
      " [0.4811483  1.7262783  0.33188114]\n",
      " [0.2699843  0.33188114 1.8123984 ]]\n",
      "\tLast Episode Reward: -133\n",
      "********** Iteration 111 ************\n",
      "Optimal cost for this problem: 1.4093867506479145\n",
      "[[1.1722676  0.47842947 0.25140774]\n",
      " [0.47842947 1.7346109  0.32053256]\n",
      " [0.25140774 0.32053256 1.7914125 ]]\n",
      "\tLast Episode Reward: -161\n",
      "********** Iteration 112 ************\n",
      "Optimal cost for this problem: 6.947140085782703\n",
      "[[1.1379646  0.4739288  0.2522837 ]\n",
      " [0.4739288  1.690364   0.31886724]\n",
      " [0.2522837  0.31886724 1.7725624 ]]\n",
      "\tLast Episode Reward: -112\n",
      "********** Iteration 113 ************\n",
      "Optimal cost for this problem: 6.807603291055952\n",
      "[[1.1470933  0.4714082  0.2552988 ]\n",
      " [0.4714082  1.7045692  0.31726387]\n",
      " [0.2552988  0.31726387 1.7698088 ]]\n",
      "\tLast Episode Reward: -161\n",
      "********** Iteration 114 ************\n",
      "Optimal cost for this problem: 0.5021109894121203\n",
      "[[1.1314085 0.4655633 0.2510291]\n",
      " [0.4655633 1.6955726 0.3175186]\n",
      " [0.2510291 0.3175186 1.7556757]]\n",
      "\tLast Episode Reward: -188\n",
      "********** Iteration 115 ************\n",
      "Optimal cost for this problem: 10.895674093233414\n",
      "[[1.1189597  0.46550828 0.2405624 ]\n",
      " [0.46550828 1.6982894  0.317276  ]\n",
      " [0.2405624  0.317276   1.7390778 ]]\n",
      "\tLast Episode Reward: -119\n",
      "********** Iteration 116 ************\n",
      "Optimal cost for this problem: 10.528971654818783\n",
      "[[1.1002672  0.46597803 0.22825962]\n",
      " [0.46597803 1.6903999  0.31777424]\n",
      " [0.22825962 0.31777424 1.7257664 ]]\n",
      "\tLast Episode Reward: -187\n",
      "********** Iteration 117 ************\n",
      "Optimal cost for this problem: 12.105244911253326\n",
      "[[1.0788041  0.4556518  0.21889615]\n",
      " [0.4556518  1.6781636  0.30297858]\n",
      " [0.21889615 0.30297858 1.698546  ]]\n",
      "\tLast Episode Reward: -160\n",
      "********** Iteration 118 ************\n",
      "Optimal cost for this problem: 8.168923439712383\n",
      "[[1.0608566  0.45337743 0.2101021 ]\n",
      " [0.45337743 1.6731116  0.3035817 ]\n",
      " [0.2101021  0.3035817  1.6875526 ]]\n",
      "\tLast Episode Reward: -122\n",
      "********** Iteration 119 ************\n",
      "Optimal cost for this problem: 8.16044802911669\n",
      "[[1.0484481  0.4445636  0.20247318]\n",
      " [0.4445636  1.6682507  0.3028301 ]\n",
      " [0.20247318 0.3028301  1.6726795 ]]\n",
      "\tLast Episode Reward: -146\n",
      "********** Iteration 120 ************\n",
      "Optimal cost for this problem: 10.290434028750788\n",
      "[[1.0363002  0.43828022 0.20058566]\n",
      " [0.43828022 1.6542356  0.29511487]\n",
      " [0.20058566 0.29511487 1.6635661 ]]\n",
      "\tLast Episode Reward: -293\n",
      "********** Iteration 121 ************\n",
      "Optimal cost for this problem: 3.649606072558561\n",
      "[[1.0321038  0.433251   0.19328046]\n",
      " [0.433251   1.661487   0.29313734]\n",
      " [0.19328046 0.29313734 1.6488106 ]]\n",
      "\tLast Episode Reward: -149\n",
      "********** Iteration 122 ************\n",
      "Optimal cost for this problem: 6.183380515199049\n",
      "[[1.0173724  0.42784566 0.18533324]\n",
      " [0.42784566 1.6538926  0.2934258 ]\n",
      " [0.18533324 0.2934258  1.6381404 ]]\n",
      "\tLast Episode Reward: -155\n",
      "********** Iteration 123 ************\n",
      "Optimal cost for this problem: 8.022671684463848\n",
      "[[1.0055885 0.4230349 0.1731454]\n",
      " [0.4230349 1.6497259 0.2876042]\n",
      " [0.1731454 0.2876042 1.6244277]]\n",
      "\tLast Episode Reward: -126\n",
      "********** Iteration 124 ************\n",
      "Optimal cost for this problem: 9.947605874946017\n",
      "[[0.9986708  0.4148041  0.16898768]\n",
      " [0.4148041  1.6398677  0.27758986]\n",
      " [0.16898768 0.27758986 1.6110702 ]]\n",
      "\tLast Episode Reward: -159\n",
      "********** Iteration 125 ************\n",
      "Optimal cost for this problem: 4.757590071180323\n",
      "[[0.99059933 0.41566974 0.1588237 ]\n",
      " [0.41566974 1.6403313  0.2782986 ]\n",
      " [0.1588237  0.2782986  1.6021196 ]]\n",
      "\tLast Episode Reward: -148\n",
      "********** Iteration 126 ************\n",
      "Optimal cost for this problem: 19.62458748442313\n",
      "[[0.97430015 0.4009322  0.16355065]\n",
      " [0.4009322  1.6190841  0.27608103]\n",
      " [0.16355065 0.27608103 1.5886421 ]]\n",
      "\tLast Episode Reward: -174\n",
      "********** Iteration 127 ************\n",
      "Optimal cost for this problem: 10.744805064990643\n",
      "[[0.9648216  0.39975744 0.1498231 ]\n",
      " [0.39975744 1.6125635  0.2780394 ]\n",
      " [0.1498231  0.2780394  1.5740314 ]]\n",
      "\tLast Episode Reward: -154\n",
      "********** Iteration 128 ************\n",
      "Optimal cost for this problem: 14.713595701253798\n",
      "[[0.95485854 0.39261508 0.1463789 ]\n",
      " [0.39261508 1.6044847  0.27143332]\n",
      " [0.1463789  0.27143332 1.5655706 ]]\n",
      "\tLast Episode Reward: -154\n",
      "********** Iteration 129 ************\n",
      "Optimal cost for this problem: 8.738413571716253\n",
      "[[0.9459717  0.39227772 0.14386913]\n",
      " [0.39227772 1.5838602  0.26892072]\n",
      " [0.14386913 0.26892072 1.5658677 ]]\n",
      "\tLast Episode Reward: -188\n",
      "********** Iteration 130 ************\n",
      "Optimal cost for this problem: 5.966760863615212\n",
      "[[0.9427922  0.39455026 0.13482966]\n",
      " [0.39455026 1.5795133  0.25925672]\n",
      " [0.13482966 0.25925672 1.5510235 ]]\n",
      "\tLast Episode Reward: -188\n",
      "********** Iteration 131 ************\n",
      "Optimal cost for this problem: 12.09370469640733\n",
      "[[0.94174796 0.38787848 0.12540624]\n",
      " [0.38787848 1.5785034  0.25273877]\n",
      " [0.12540624 0.25273877 1.5278625 ]]\n",
      "\tLast Episode Reward: -158\n",
      "********** Iteration 132 ************\n",
      "Optimal cost for this problem: 5.113338354349702\n",
      "[[0.93697757 0.38744712 0.12857571]\n",
      " [0.38744712 1.5731807  0.2448444 ]\n",
      " [0.12857571 0.2448444  1.5238246 ]]\n",
      "\tLast Episode Reward: -161\n",
      "********** Iteration 133 ************\n",
      "Optimal cost for this problem: 3.801468269552918\n",
      "[[0.9405286  0.38873315 0.14062276]\n",
      " [0.38873315 1.5777742  0.23482087]\n",
      " [0.14062276 0.23482087 1.5150725 ]]\n",
      "\tLast Episode Reward: -143\n",
      "********** Iteration 134 ************\n",
