{
 "cells": [
  {
   "cell_type": "code",
   "execution_count": 24,
   "metadata": {},
   "outputs": [
    {
     "name": "stdout",
     "output_type": "stream",
     "text": [
      "The autoreload extension is already loaded. To reload it, use:\n",
      "  %reload_ext autoreload\n"
     ]
    }
   ],
   "source": [
    "%load_ext autoreload\n",
    "%autoreload 2\n",
    "\n",
    "import numpy as np\n",
    "import matplotlib.pyplot as plt\n",
    "import tensorflow as tf\n",
    "import gym\n",
    "from collections import deque\n",
    "import random\n",
    "import time\n",
    "import yaml\n",
    "from klqr import *\n",
    "from train_utils import *"
   ]
  },
  {
   "cell_type": "code",
   "execution_count": 42,
   "metadata": {},
   "outputs": [],
   "source": [
    "with open('config.yml','r') as ymlfile:\n",
    "    config = yaml.load(ymlfile)\n",
    "    \n",
    "tf.reset_default_graph()\n",
    "sess = tf.InteractiveSession(config=tf.ConfigProto(log_device_placement=True))"
   ]
  },
  {
   "cell_type": "code",
   "execution_count": 43,
   "metadata": {
    "scrolled": false
   },
   "outputs": [
    {
     "name": "stdout",
     "output_type": "stream",
     "text": [
      "\u001b[33mWARN: gym.spaces.Box autodetected dtype as <class 'numpy.float32'>. Please provide explicit dtype.\u001b[0m\n",
      "\u001b[33mWARN: gym.spaces.Box autodetected dtype as <class 'numpy.float32'>. Please provide explicit dtype.\u001b[0m\n",
      "z shape: (?, 3)\n",
      "********** Iteration 1 ************\n",
      "\tEpisode Len: 0\n",
      "\tLast Episode Cost: 0.000000 vs optimal 0.000000\n",
      "********** Iteration 2 ************\n",
      "\tEpisode Len: 200\n",
      "\tLast Episode Cost: 1045.182119 vs optimal 0.000000\n",
      "********** Iteration 3 ************\n",
      "\tEpisode Len: 200\n",
      "\tLast Episode Cost: 1045.182119 vs optimal 0.000000\n",
      "********** Iteration 4 ************\n",
      "\tEpisode Len: 200\n",
      "\tLast Episode Cost: 1268.661989 vs optimal 0.000000\n",
      "********** Iteration 5 ************\n",
      "[[ 1.0930681  -0.10070159  0.02992011]\n",
      " [-0.10070159  1.2747712  -0.01498683]\n",
      " [ 0.02992011 -0.01498683  1.246289  ]]\n",
      "\tEpisode Len: 200\n",
      "\tLast Episode Cost: 1268.661989 vs optimal 0.000000\n",
      "********** Iteration 6 ************\n",
      "\tEpisode Len: 200\n",
      "\tLast Episode Cost: 1035.799770 vs optimal 0.000000\n",
      "********** Iteration 7 ************\n",
      "\tEpisode Len: 200\n",
      "\tLast Episode Cost: 1035.799770 vs optimal 0.000000\n",
      "********** Iteration 8 ************\n",
      "\tEpisode Len: 200\n",
      "\tLast Episode Cost: 1310.989261 vs optimal 0.000000\n",
      "********** Iteration 9 ************\n",
      "\tEpisode Len: 200\n",
      "\tLast Episode Cost: 1310.989261 vs optimal 0.000000\n",
      "********** Iteration 10 ************\n",
      "[[ 1.213186   -0.19498989  0.06244197]\n",
      " [-0.19498989  1.5125262  -0.02235004]\n",
      " [ 0.06244197 -0.02235004  1.4836897 ]]\n",
      "\tEpisode Len: 200\n",
      "\tLast Episode Cost: 1184.640689 vs optimal 0.000000\n",
      "********** Iteration 11 ************\n",
      "\tEpisode Len: 200\n",
      "\tLast Episode Cost: 1184.640689 vs optimal 0.000000\n",
      "********** Iteration 12 ************\n",
      "\tEpisode Len: 200\n",
      "\tLast Episode Cost: 1266.387823 vs optimal 0.000000\n",
      "********** Iteration 13 ************\n",
      "\tEpisode Len: 200\n",
      "\tLast Episode Cost: 1266.387823 vs optimal 0.000000\n",
      "********** Iteration 14 ************\n",
      "\tEpisode Len: 200\n",
      "\tLast Episode Cost: 1354.090512 vs optimal 0.000000\n",
      "********** Iteration 15 ************\n",
      "[[ 1.3372374  -0.2765643   0.09305851]\n",
      " [-0.2765643   1.7248938  -0.02505658]\n",
      " [ 0.09305851 -0.02505658  1.7201736 ]]\n",
      "\tEpisode Len: 200\n",
      "\tLast Episode Cost: 1354.090512 vs optimal 0.000000\n",
      "********** Iteration 16 ************\n",
      "\tEpisode Len: 200\n",
      "\tLast Episode Cost: 1344.450936 vs optimal 0.000000\n",
      "********** Iteration 17 ************\n",
      "\tEpisode Len: 200\n",
      "\tLast Episode Cost: 1344.450936 vs optimal 0.000000\n",
      "********** Iteration 18 ************\n",
      "\tEpisode Len: 200\n",
      "\tLast Episode Cost: 1171.435248 vs optimal 0.000000\n",
      "********** Iteration 19 ************\n",
      "\tEpisode Len: 200\n",
      "\tLast Episode Cost: 1171.435248 vs optimal 0.000000\n",
      "********** Iteration 20 ************\n",
      "[[ 1.4561656  -0.33806396  0.12024915]\n",
      " [-0.33806396  1.9153812  -0.02602366]\n",
      " [ 0.12024915 -0.02602366  1.9708102 ]]\n",
      "\tEpisode Len: 200\n",
      "\tLast Episode Cost: 968.517175 vs optimal 0.000000\n",
      "********** Iteration 21 ************\n",
      "\tEpisode Len: 200\n",
      "\tLast Episode Cost: 968.517175 vs optimal 0.000000\n",
      "********** Iteration 22 ************\n",
      "\tEpisode Len: 200\n",
      "\tLast Episode Cost: 1327.550513 vs optimal 0.000000\n",
      "********** Iteration 23 ************\n",
      "\tEpisode Len: 200\n",
      "\tLast Episode Cost: 1327.550513 vs optimal 0.000000\n",
      "********** Iteration 24 ************\n",
      "\tEpisode Len: 200\n",
      "\tLast Episode Cost: 1264.316401 vs optimal 0.000000\n",
      "********** Iteration 25 ************\n",
      "[[ 1.5736868  -0.37004185  0.15003851]\n",
      " [-0.37004185  2.0607257  -0.03903487]\n",
      " [ 0.15003851 -0.03903487  2.217966  ]]\n",
      "\tEpisode Len: 200\n",
      "\tLast Episode Cost: 1264.316401 vs optimal 0.000000\n",
      "********** Iteration 26 ************\n",
      "\tEpisode Len: 200\n",
      "\tLast Episode Cost: 1182.723198 vs optimal 0.000000\n",
      "********** Iteration 27 ************\n",
      "\tEpisode Len: 200\n",
      "\tLast Episode Cost: 1182.723198 vs optimal 0.000000\n",
      "********** Iteration 28 ************\n",
      "\tEpisode Len: 200\n",
      "\tLast Episode Cost: 1231.682061 vs optimal 0.000000\n",
      "********** Iteration 29 ************\n",
      "\tEpisode Len: 200\n",
      "\tLast Episode Cost: 1231.682061 vs optimal 0.000000\n",
      "********** Iteration 30 ************\n",
      "[[ 1.6976484  -0.3666567   0.19169843]\n",
      " [-0.3666567   2.1447022  -0.07687303]\n",
      " [ 0.19169843 -0.07687303  2.4187021 ]]\n",
      "\tEpisode Len: 200\n",
      "\tLast Episode Cost: 1351.495640 vs optimal 0.000000\n",
      "********** Iteration 31 ************\n",
      "\tEpisode Len: 200\n",
      "\tLast Episode Cost: 1351.495640 vs optimal 0.000000\n",
      "********** Iteration 32 ************\n",
      "\tEpisode Len: 200\n",
      "\tLast Episode Cost: 1324.455584 vs optimal 0.000000\n",
      "********** Iteration 33 ************\n",
      "\tEpisode Len: 200\n",
      "\tLast Episode Cost: 1324.455584 vs optimal 0.000000\n",
      "********** Iteration 34 ************\n",
      "\tEpisode Len: 200\n",
      "\tLast Episode Cost: 833.266164 vs optimal 0.000000\n",
      "********** Iteration 35 ************\n",
      "[[ 1.8439956  -0.32570684  0.2583301 ]\n",
      " [-0.32570684  2.1919942  -0.13325971]\n",
      " [ 0.2583301  -0.13325971  2.5690157 ]]\n",
      "\tEpisode Len: 200\n",
      "\tLast Episode Cost: 833.266164 vs optimal 0.000000\n",
      "********** Iteration 36 ************\n",
      "\tEpisode Len: 200\n",
      "\tLast Episode Cost: 1357.962486 vs optimal 0.000000\n",
      "********** Iteration 37 ************\n",
      "\tEpisode Len: 200\n",
      "\tLast Episode Cost: 1357.962486 vs optimal 0.000000\n",
      "********** Iteration 38 ************\n",
      "\tEpisode Len: 200\n",
      "\tLast Episode Cost: 1304.457635 vs optimal 0.000000\n",
      "********** Iteration 39 ************\n",
      "\tEpisode Len: 200\n",
      "\tLast Episode Cost: 1304.457635 vs optimal 0.000000\n",
      "********** Iteration 40 ************\n",
      "[[ 2.0475183  -0.2351791   0.38032505]\n",
      " [-0.2351791   2.2458096  -0.17720366]\n",
      " [ 0.38032505 -0.17720366  2.7287753 ]]\n",
      "\tEpisode Len: 200\n",
      "\tLast Episode Cost: 1344.919315 vs optimal 0.000000\n",
      "********** Iteration 41 ************\n",
      "\tEpisode Len: 200\n",
      "\tLast Episode Cost: 1344.919315 vs optimal 0.000000\n",
      "********** Iteration 42 ************\n",
      "\tEpisode Len: 200\n",
      "\tLast Episode Cost: 983.277340 vs optimal 0.000000\n",
      "********** Iteration 43 ************\n",
      "\tEpisode Len: 200\n",
      "\tLast Episode Cost: 983.277340 vs optimal 0.000000\n",
      "********** Iteration 44 ************\n",
      "\tEpisode Len: 200\n",
      "\tLast Episode Cost: 1344.574266 vs optimal 0.000000\n",
      "********** Iteration 45 ************\n",
      "[[ 2.3991404  -0.03864722  0.66648847]\n",
      " [-0.03864722  2.3585458  -0.12674527]\n",
      " [ 0.66648847 -0.12674527  3.0548763 ]]\n",
      "\tEpisode Len: 200\n",
      "\tLast Episode Cost: 1344.574266 vs optimal 0.000000\n",
      "********** Iteration 46 ************\n",
      "\tEpisode Len: 200\n",
      "\tLast Episode Cost: 1298.842774 vs optimal 0.000000\n",
      "********** Iteration 47 ************\n",
      "\tEpisode Len: 200\n",
      "\tLast Episode Cost: 1298.842774 vs optimal 0.000000\n",
      "********** Iteration 48 ************\n",
      "\tEpisode Len: 200\n",
      "\tLast Episode Cost: 1328.563478 vs optimal 0.000000\n",
      "********** Iteration 49 ************\n",
      "\tEpisode Len: 200\n",
      "\tLast Episode Cost: 1328.563478 vs optimal 0.000000\n",
      "********** Iteration 50 ************\n",
      "[[3.68302    0.79075444 2.1323874 ]\n",
      " [0.79075444 2.8865948  0.7146893 ]\n",
      " [2.1323874  0.7146893  4.8498707 ]]\n",
      "\tEpisode Len: 200\n",
      "\tLast Episode Cost: 1079.820978 vs optimal 0.000000\n",
      "********** Iteration 51 ************\n",
      "\tEpisode Len: 200\n",
      "\tLast Episode Cost: 1079.820978 vs optimal 0.000000\n",
      "********** Iteration 52 ************\n",
      "\tEpisode Len: 200\n",
      "\tLast Episode Cost: 1271.310559 vs optimal 0.000000\n",
      "********** Iteration 53 ************\n",
      "\tEpisode Len: 200\n",
      "\tLast Episode Cost: 1271.310559 vs optimal 0.000000\n",
      "********** Iteration 54 ************\n",
      "\tEpisode Len: 200\n",
      "\tLast Episode Cost: 945.628415 vs optimal 0.000000\n",
      "********** Iteration 55 ************\n",
      "[[5.334427  2.1240754 4.5525417]\n",
      " [2.1240754 3.941805  2.5824783]\n",
      " [4.5525417 2.5824783 8.558963 ]]\n",
      "\tEpisode Len: 200\n",
      "\tLast Episode Cost: 945.628415 vs optimal 0.000000\n",
      "********** Iteration 56 ************\n",
      "\tEpisode Len: 200\n",
      "\tLast Episode Cost: 1345.878467 vs optimal 0.000000\n",
      "********** Iteration 57 ************\n",
      "\tEpisode Len: 200\n",
      "\tLast Episode Cost: 1345.878467 vs optimal 0.000000\n",
      "********** Iteration 58 ************\n",
      "\tEpisode Len: 200\n",
      "\tLast Episode Cost: 1342.869447 vs optimal 0.000000\n",
      "********** Iteration 59 ************\n",
      "\tEpisode Len: 200\n",
      "\tLast Episode Cost: 1342.869447 vs optimal 0.000000\n",
      "********** Iteration 60 ************\n",
      "[[ 6.0963078  2.8665204  5.8170795]\n",
      " [ 2.8665204  4.6356587  3.770658 ]\n",
      " [ 5.8170795  3.770658  10.866057 ]]\n",
      "\tEpisode Len: 200\n",
      "\tLast Episode Cost: 1263.903023 vs optimal 0.000000\n",
      "********** Iteration 61 ************\n",
      "\tEpisode Len: 200\n",
      "\tLast Episode Cost: 1263.903023 vs optimal 0.000000\n",
      "********** Iteration 62 ************\n",
      "\tEpisode Len: 200\n",
      "\tLast Episode Cost: 908.308112 vs optimal 0.000000\n",
      "********** Iteration 63 ************\n",
      "\tEpisode Len: 200\n",
      "\tLast Episode Cost: 908.308112 vs optimal 0.000000\n",
      "********** Iteration 64 ************\n",
      "\tEpisode Len: 200\n",
      "\tLast Episode Cost: 878.729999 vs optimal 0.000000\n",
      "********** Iteration 65 ************\n",
      "[[ 6.8492336  3.649207   7.0908246]\n",
      " [ 3.649207   5.4313393  5.1243143]\n",
      " [ 7.0908246  5.1243143 13.296724 ]]\n",
      "\tEpisode Len: 200\n",
      "\tLast Episode Cost: 878.729999 vs optimal 0.000000\n",
      "********** Iteration 66 ************\n",
      "\tEpisode Len: 200\n",
      "\tLast Episode Cost: 865.443806 vs optimal 0.000000\n",
      "********** Iteration 67 ************\n",
      "\tEpisode Len: 200\n",
      "\tLast Episode Cost: 865.443806 vs optimal 0.000000\n",
      "********** Iteration 68 ************\n",
      "\tEpisode Len: 200\n",
      "\tLast Episode Cost: 1007.120252 vs optimal 0.000000\n",
      "********** Iteration 69 ************\n",
      "\tEpisode Len: 200\n",
      "\tLast Episode Cost: 1007.120252 vs optimal 0.000000\n",
      "********** Iteration 70 ************\n",
      "[[ 7.9522934  4.868746   9.026438 ]\n",
      " [ 4.868746   6.802591   7.4290934]\n",
      " [ 9.026438   7.4290934 17.137548 ]]\n",
      "\tEpisode Len: 200\n",
      "\tLast Episode Cost: 1123.740301 vs optimal 0.000000\n",
      "********** Iteration 71 ************\n",
      "\tEpisode Len: 200\n",
      "\tLast Episode Cost: 1123.740301 vs optimal 0.000000\n",
      "********** Iteration 72 ************\n",
      "\tEpisode Len: 200\n",
      "\tLast Episode Cost: 1063.629749 vs optimal 0.000000\n",
      "********** Iteration 73 ************\n",
      "\tEpisode Len: 200\n",
      "\tLast Episode Cost: 1063.629749 vs optimal 0.000000\n",
      "********** Iteration 74 ************\n",
      "\tEpisode Len: 200\n",
      "\tLast Episode Cost: 956.837022 vs optimal 0.000000\n",
      "********** Iteration 75 ************\n",
      "[[ 9.33544    6.4663982 11.402392 ]\n",
      " [ 6.4663982  8.722559  10.473286 ]\n",
      " [11.402392  10.473286  21.783474 ]]\n",
      "\tEpisode Len: 200\n",
      "\tLast Episode Cost: 956.837022 vs optimal 0.000000\n",
      "********** Iteration 76 ************\n",
      "\tEpisode Len: 200\n",
      "\tLast Episode Cost: 1327.548578 vs optimal 0.000000\n",
      "********** Iteration 77 ************\n",
      "\tEpisode Len: 200\n",
      "\tLast Episode Cost: 1327.548578 vs optimal 0.000000\n",
      "********** Iteration 78 ************\n",
      "\tEpisode Len: 200\n",
      "\tLast Episode Cost: 1341.178548 vs optimal 0.000000\n",
      "********** Iteration 79 ************\n",
      "\tEpisode Len: 200\n",
      "\tLast Episode Cost: 1341.178548 vs optimal 0.000000\n",
      "********** Iteration 80 ************\n",
      "[[11.3251295  8.786159  14.655018 ]\n",
      " [ 8.786159  11.543478  14.645823 ]\n",
      " [14.655018  14.645823  27.675716 ]]\n",
      "\tEpisode Len: 200\n",
      "\tLast Episode Cost: 903.938638 vs optimal 0.000000\n",
      "********** Iteration 81 ************\n",
      "\tEpisode Len: 200\n",
      "\tLast Episode Cost: 903.938638 vs optimal 0.000000\n",
      "********** Iteration 82 ************\n",
      "\tEpisode Len: 200\n",
      "\tLast Episode Cost: 1339.815929 vs optimal 0.000000\n",
      "********** Iteration 83 ************\n",
      "\tEpisode Len: 200\n",
      "\tLast Episode Cost: 1339.815929 vs optimal 0.000000\n",
      "********** Iteration 84 ************\n",
      "\tEpisode Len: 200\n",
      "\tLast Episode Cost: 1018.534589 vs optimal 0.000000\n",
      "********** Iteration 85 ************\n",
      "[[13.703015 11.56681  18.32593 ]\n",
      " [11.56681  14.938979 19.352703]\n",
      " [18.32593  19.352703 33.88723 ]]\n",
      "\tEpisode Len: 200\n",
      "\tLast Episode Cost: 1018.534589 vs optimal 0.000000\n",
      "********** Iteration 86 ************\n",
      "\tEpisode Len: 200\n",
      "\tLast Episode Cost: 1198.136505 vs optimal 0.000000\n",
      "********** Iteration 87 ************\n",
      "\tEpisode Len: 200\n",
      "\tLast Episode Cost: 1198.136505 vs optimal 0.000000\n",
      "********** Iteration 88 ************\n",
      "\tEpisode Len: 200\n",
      "\tLast Episode Cost: 942.603171 vs optimal 0.000000\n",
      "********** Iteration 89 ************\n",
      "\tEpisode Len: 200\n",
      "\tLast Episode Cost: 942.603171 vs optimal 0.000000\n",
      "********** Iteration 90 ************\n",
      "[[16.985113 15.420758 23.204056]\n",
      " [15.420758 19.633486 25.518408]\n",
      " [23.204056 25.518408 41.65594 ]]\n",
      "\tEpisode Len: 200\n",
      "\tLast Episode Cost: 1158.645913 vs optimal 0.000000\n",
      "********** Iteration 91 ************\n",
      "\tEpisode Len: 200\n",
      "\tLast Episode Cost: 1158.645913 vs optimal 0.000000\n",
      "********** Iteration 92 ************\n",
      "\tEpisode Len: 200\n",
      "\tLast Episode Cost: 1356.696838 vs optimal 0.000000\n",
      "********** Iteration 93 ************\n",
      "\tEpisode Len: 200\n",
      "\tLast Episode Cost: 1356.696838 vs optimal 0.000000\n",
      "********** Iteration 94 ************\n",
      "\tEpisode Len: 200\n",
      "\tLast Episode Cost: 1348.117189 vs optimal 0.000000\n",
      "********** Iteration 95 ************\n",
      "[[21.508772 20.891478 29.740625]\n",
      " [20.891478 26.469063 33.9266  ]\n",
      " [29.740625 33.9266   51.63837 ]]\n",
      "\tEpisode Len: 200\n",
      "\tLast Episode Cost: 1348.117189 vs optimal 0.000000\n",
      "********** Iteration 96 ************\n",
      "\tEpisode Len: 200\n",
      "\tLast Episode Cost: 985.484371 vs optimal 0.000000\n",
      "********** Iteration 97 ************\n",
      "\tEpisode Len: 200\n",
      "\tLast Episode Cost: 985.484371 vs optimal 0.000000\n",
      "********** Iteration 98 ************\n",
      "\tEpisode Len: 200\n",
      "\tLast Episode Cost: 1346.036049 vs optimal 0.000000\n",
      "********** Iteration 99 ************\n",
      "\tEpisode Len: 200\n",
      "\tLast Episode Cost: 1346.036049 vs optimal 0.000000\n",
      "********** Iteration 100 ************\n",
      "[[26.693367 27.18273  36.50981 ]\n",
      " [27.18273  34.33307  42.61909 ]\n",
      " [36.50981  42.61909  60.79339 ]]\n",
      "\tEpisode Len: 200\n",
      "\tLast Episode Cost: 1346.155006 vs optimal 0.000000\n",
      "********** Iteration 101 ************\n",
      "\tEpisode Len: 200\n",
      "\tLast Episode Cost: 1346.155006 vs optimal 0.000000\n",
      "********** Iteration 102 ************\n",
      "\tEpisode Len: 200\n",
      "\tLast Episode Cost: 1224.645030 vs optimal 0.000000\n",
      "********** Iteration 103 ************\n",
      "\tEpisode Len: 200\n",
      "\tLast Episode Cost: 1224.645030 vs optimal 0.000000\n",
      "********** Iteration 104 ************\n",
      "\tEpisode Len: 200\n",
      "\tLast Episode Cost: 1345.749675 vs optimal 0.000000\n",
      "********** Iteration 105 ************\n",
      "[[39.153675 43.3373   52.918022]\n",
      " [43.3373   55.612823 64.531075]\n",
      " [52.918022 64.531075 82.80026 ]]\n",
      "\tEpisode Len: 200\n",
      "\tLast Episode Cost: 1345.749675 vs optimal 0.000000\n",
      "********** Iteration 106 ************\n",
      "\tEpisode Len: 200\n",
      "\tLast Episode Cost: 1253.822473 vs optimal 0.000000\n",
      "********** Iteration 107 ************\n",
      "\tEpisode Len: 200\n",
      "\tLast Episode Cost: 1253.822473 vs optimal 0.000000\n",
      "********** Iteration 108 ************\n",
      "\tEpisode Len: 200\n",
      "\tLast Episode Cost: 1292.692940 vs optimal 0.000000\n",
      "********** Iteration 109 ************\n",
      "\tEpisode Len: 200\n",
      "\tLast Episode Cost: 1292.692940 vs optimal 0.000000\n",
      "********** Iteration 110 ************\n",
      "[[45.16066  50.674446 58.424797]\n",
      " [50.674446 64.82475  71.646484]\n",
      " [58.424797 71.646484 87.26617 ]]\n",
      "\tEpisode Len: 200\n",
      "\tLast Episode Cost: 1351.816087 vs optimal 0.000000\n",
      "********** Iteration 111 ************\n",
      "\tEpisode Len: 200\n",
      "\tLast Episode Cost: 1351.816087 vs optimal 0.000000\n",
      "********** Iteration 112 ************\n",
      "\tEpisode Len: 200\n",
      "\tLast Episode Cost: 1333.619934 vs optimal 0.000000\n",
      "********** Iteration 113 ************\n",
      "\tEpisode Len: 200\n",
      "\tLast Episode Cost: 1333.619934 vs optimal 0.000000\n",
      "********** Iteration 114 ************\n",
      "\tEpisode Len: 200\n",
      "\tLast Episode Cost: 1055.498228 vs optimal 0.000000\n",
      "********** Iteration 115 ************\n",
      "[[56.618546 65.84741  69.750465]\n",
      " [65.84741  85.31634  87.31759 ]\n",
      " [69.750465 87.31759  98.1257  ]]\n",
      "\tEpisode Len: 200\n",
      "\tLast Episode Cost: 1055.498228 vs optimal 0.000000\n",
      "********** Iteration 116 ************\n",
      "\tEpisode Len: 200\n",
      "\tLast Episode Cost: 1112.242555 vs optimal 0.000000\n",
      "********** Iteration 117 ************\n",
      "\tEpisode Len: 200\n",
      "\tLast Episode Cost: 1112.242555 vs optimal 0.000000\n",
      "********** Iteration 118 ************\n",
      "\tEpisode Len: 200\n",
      "\tLast Episode Cost: 983.615313 vs optimal 0.000000\n",
      "********** Iteration 119 ************\n",
      "\tEpisode Len: 200\n",
      "\tLast Episode Cost: 983.615313 vs optimal 0.000000\n",
      "********** Iteration 120 ************\n",
      "[[ 71.59405   85.55327   82.45656 ]\n",
      " [ 85.55327  111.642845 104.65846 ]\n",
      " [ 82.45656  104.65846  108.026   ]]\n",
      "\tEpisode Len: 200\n",
      "\tLast Episode Cost: 864.765252 vs optimal 0.000000\n",
      "********** Iteration 121 ************\n",
      "\tEpisode Len: 200\n",
      "\tLast Episode Cost: 864.765252 vs optimal 0.000000\n",
      "********** Iteration 122 ************\n",
      "\tEpisode Len: 200\n",
      "\tLast Episode Cost: 974.276922 vs optimal 0.000000\n",
      "********** Iteration 123 ************\n",
      "\tEpisode Len: 200\n",
      "\tLast Episode Cost: 974.276922 vs optimal 0.000000\n",
      "********** Iteration 124 ************\n",
      "\tEpisode Len: 200\n",
      "\tLast Episode Cost: 1287.063226 vs optimal 0.000000\n",
      "********** Iteration 125 ************\n",
      "[[ 85.329765 103.567825  91.07021 ]\n",
      " [103.567825 135.65826  116.513115]\n",
      " [ 91.07021  116.513115 111.5533  ]]\n",
      "\tEpisode Len: 200\n",
      "\tLast Episode Cost: 1287.063226 vs optimal 0.000000\n",
      "********** Iteration 126 ************\n",
      "\tEpisode Len: 200\n",
      "\tLast Episode Cost: 1188.457668 vs optimal 0.000000\n",
      "********** Iteration 127 ************\n",
      "\tEpisode Len: 200\n",
      "\tLast Episode Cost: 1188.457668 vs optimal 0.000000\n",
      "********** Iteration 128 ************\n",
      "\tEpisode Len: 200\n",
      "\tLast Episode Cost: 1023.078650 vs optimal 0.000000\n",
      "********** Iteration 129 ************\n",
      "\tEpisode Len: 200\n",
      "\tLast Episode Cost: 1023.078650 vs optimal 0.000000\n",
      "********** Iteration 130 ************\n",
      "[[ 97.641464 119.66928   95.268715]\n",
      " [119.66928  157.09595  122.48063 ]\n",
      " [ 95.268715 122.48063  109.390656]]\n",
      "\tEpisode Len: 200\n",
      "\tLast Episode Cost: 965.977392 vs optimal 0.000000\n",
      "********** Iteration 131 ************\n",
      "\tEpisode Len: 200\n",
      "\tLast Episode Cost: 965.977392 vs optimal 0.000000\n",
      "********** Iteration 132 ************\n",
      "\tEpisode Len: 200\n",
      "\tLast Episode Cost: 822.914861 vs optimal 0.000000\n",
      "********** Iteration 133 ************\n",
      "\tEpisode Len: 200\n",
      "\tLast Episode Cost: 822.914861 vs optimal 0.000000\n",
      "********** Iteration 134 ************\n",
      "\tEpisode Len: 200\n",
      "\tLast Episode Cost: 964.672051 vs optimal 0.000000\n",
      "********** Iteration 135 ************\n",
      "[[107.98008 133.05835  94.59604]\n",
      " [133.05835 174.78925 121.9247 ]\n",
      " [ 94.59604 121.9247  102.62528]]\n",
      "\tEpisode Len: 200\n",
      "\tLast Episode Cost: 964.672051 vs optimal 0.000000\n",
      "********** Iteration 136 ************\n",
      "\tEpisode Len: 200\n",
      "\tLast Episode Cost: 1013.978535 vs optimal 0.000000\n",
      "********** Iteration 137 ************\n",
      "\tEpisode Len: 200\n",
      "\tLast Episode Cost: 1013.978535 vs optimal 0.000000\n",
      "********** Iteration 138 ************\n",
      "\tEpisode Len: 200\n",
      "\tLast Episode Cost: 1335.616813 vs optimal 0.000000\n",
      "********** Iteration 139 ************\n",
      "\tEpisode Len: 200\n",
      "\tLast Episode Cost: 1335.616813 vs optimal 0.000000\n",
      "********** Iteration 140 ************\n",
      "[[125.37099  156.40509   91.546745]\n",
      " [156.40509  206.53651  118.389175]\n",
      " [ 91.546745 118.389175  93.92907 ]]\n",
      "\tEpisode Len: 200\n",
      "\tLast Episode Cost: 944.765122 vs optimal 0.000000\n",
      "********** Iteration 141 ************\n",
      "\tEpisode Len: 200\n",
      "\tLast Episode Cost: 944.765122 vs optimal 0.000000\n",
      "********** Iteration 142 ************\n",
      "\tEpisode Len: 200\n",
      "\tLast Episode Cost: 1322.690857 vs optimal 0.000000\n",
      "********** Iteration 143 ************\n",
      "\tEpisode Len: 200\n",
      "\tLast Episode Cost: 1322.690857 vs optimal 0.000000\n",
      "********** Iteration 144 ************\n",
      "\tEpisode Len: 200\n",
      "\tLast Episode Cost: 847.301985 vs optimal 0.000000\n",
      "********** Iteration 145 ************\n",
      "[[136.80817  171.47293   84.267715]\n",
      " [171.47293  226.81139  109.03937 ]\n",
      " [ 84.267715 109.03937   84.70293 ]]\n",
      "\tEpisode Len: 200\n",
      "\tLast Episode Cost: 847.301985 vs optimal 0.000000\n",
      "********** Iteration 146 ************\n",
      "\tEpisode Len: 200\n",
      "\tLast Episode Cost: 1342.269329 vs optimal 0.000000\n",
      "********** Iteration 147 ************\n",
      "\tEpisode Len: 200\n",
      "\tLast Episode Cost: 1342.269329 vs optimal 0.000000\n",
      "********** Iteration 148 ************\n",
      "\tEpisode Len: 200\n",
      "\tLast Episode Cost: 1352.053958 vs optimal 0.000000\n",
      "********** Iteration 149 ************\n",
      "\tEpisode Len: 200\n",
      "\tLast Episode Cost: 1352.053958 vs optimal 0.000000\n",
      "********** Iteration 150 ************\n",
      "[[147.62686 185.26674  75.85683]\n",
      " [185.26674 244.78091  98.10837]\n",
      " [ 75.85683  98.10837  76.2413 ]]\n",
      "\tEpisode Len: 200\n",
      "\tLast Episode Cost: 1343.190043 vs optimal 0.000000\n",
      "********** Iteration 151 ************\n",
      "\tEpisode Len: 200\n",
      "\tLast Episode Cost: 1343.190043 vs optimal 0.000000\n",
      "********** Iteration 152 ************\n",
      "\tEpisode Len: 200\n",
      "\tLast Episode Cost: 1333.469734 vs optimal 0.000000\n",
      "********** Iteration 153 ************\n",
      "\tEpisode Len: 200\n",
      "\tLast Episode Cost: 1333.469734 vs optimal 0.000000\n",
      "********** Iteration 154 ************\n",
      "\tEpisode Len: 200\n",
      "\tLast Episode Cost: 1257.051364 vs optimal 0.000000\n",
      "********** Iteration 155 ************\n",
      "[[155.03418 194.57498  68.28716]\n",
      " [194.57498 256.89215  88.27121]\n",
      " [ 68.28716  88.27121  68.62575]]\n",
      "\tEpisode Len: 200\n",
      "\tLast Episode Cost: 1257.051364 vs optimal 0.000000\n",
      "********** Iteration 156 ************\n",
      "\tEpisode Len: 200\n",
      "\tLast Episode Cost: 1105.746467 vs optimal 0.000000\n",
      "********** Iteration 157 ************\n",
      "\tEpisode Len: 200\n",
      "\tLast Episode Cost: 1105.746467 vs optimal 0.000000\n",
      "********** Iteration 158 ************\n",
      "\tEpisode Len: 200\n",
      "\tLast Episode Cost: 1341.155914 vs optimal 0.000000\n",
      "********** Iteration 159 ************\n",
      "\tEpisode Len: 200\n",
      "\tLast Episode Cost: 1341.155914 vs optimal 0.000000\n",
      "********** Iteration 160 ************\n",
      "[[176.61642 225.32182  61.47621]\n",
      " [225.32182 301.47556  79.42079]\n",
      " [ 61.47621  79.42079  61.77165]]\n",
      "\tEpisode Len: 200\n",
      "\tLast Episode Cost: 1042.495912 vs optimal 0.000000\n",
      "********** Iteration 161 ************\n",
      "\tEpisode Len: 200\n",
      "\tLast Episode Cost: 1042.495912 vs optimal 0.000000\n",
      "********** Iteration 162 ************\n",
      "\tEpisode Len: 200\n",
      "\tLast Episode Cost: 1249.726018 vs optimal 0.000000\n",
      "********** Iteration 163 ************\n",
      "\tEpisode Len: 200\n",
      "\tLast Episode Cost: 1249.726018 vs optimal 0.000000\n",
      "********** Iteration 164 ************\n",
      "\tEpisode Len: 200\n",
      "\tLast Episode Cost: 1005.558287 vs optimal 0.000000\n",
      "********** Iteration 165 ************\n",
      "[[180.73965  229.85985   55.344063]\n",
      " [229.85985  306.685     71.45323 ]\n",
      " [ 55.344063  71.45323   55.60281 ]]\n",
      "\tEpisode Len: 200\n",
      "\tLast Episode Cost: 1005.558287 vs optimal 0.000000\n",
      "********** Iteration 166 ************\n",
      "\tEpisode Len: 200\n",
      "\tLast Episode Cost: 936.031872 vs optimal 0.000000\n",
      "********** Iteration 167 ************\n",
      "\tEpisode Len: 200\n",
      "\tLast Episode Cost: 936.031872 vs optimal 0.000000\n",
      "********** Iteration 168 ************\n",
      "\tEpisode Len: 200\n",
      "\tLast Episode Cost: 882.044750 vs optimal 0.000000\n",
      "********** Iteration 169 ************\n",
      "\tEpisode Len: 200\n",
      "\tLast Episode Cost: 882.044750 vs optimal 0.000000\n",
      "********** Iteration 170 ************\n",
      "[[189.49535  240.93256   49.82404 ]\n",
      " [240.93256  321.13278   64.28239 ]\n",
      " [ 49.82404   64.28239   50.050648]]\n",
      "\tEpisode Len: 200\n",
      "\tLast Episode Cost: 1233.151246 vs optimal 0.000000\n",
      "********** Iteration 171 ************\n",
      "\tEpisode Len: 200\n",
      "\tLast Episode Cost: 1233.151246 vs optimal 0.000000\n",
      "********** Iteration 172 ************\n",
      "\tEpisode Len: 200\n",
      "\tLast Episode Cost: 1103.648266 vs optimal 0.000000\n",
      "********** Iteration 173 ************\n",
      "\tEpisode Len: 200\n",
      "\tLast Episode Cost: 1103.648266 vs optimal 0.000000\n",
      "********** Iteration 174 ************\n",
      "\tEpisode Len: 200\n",
      "\tLast Episode Cost: 886.787137 vs optimal 0.000000\n",
      "********** Iteration 175 ************\n",
      "[[214.3406  275.2376   44.85706]\n",
      " [275.2376  369.19058  57.83107]\n",
      " [ 44.85706  57.83107  45.05355]]\n",
      "\tEpisode Len: 200\n",
      "\tLast Episode Cost: 886.787137 vs optimal 0.000000\n",
      "********** Iteration 176 ************\n",
      "\tEpisode Len: 200\n",
      "\tLast Episode Cost: 1207.354242 vs optimal 0.000000\n",
      "********** Iteration 177 ************\n",
      "\tEpisode Len: 200\n",
      "\tLast Episode Cost: 1207.354242 vs optimal 0.000000\n",
      "********** Iteration 178 ************\n",
      "\tEpisode Len: 200\n",
      "\tLast Episode Cost: 1183.799950 vs optimal 0.000000\n",
      "********** Iteration 179 ************\n",
      "\tEpisode Len: 200\n",
      "\tLast Episode Cost: 1183.799950 vs optimal 0.000000\n",
      "********** Iteration 180 ************\n",
      "[[231.11046  297.30084   40.384815]\n",
      " [297.30084  398.72693   52.02351 ]\n",
      " [ 40.384815  52.02351   40.55598 ]]\n",
      "\tEpisode Len: 200\n",
      "\tLast Episode Cost: 1337.020701 vs optimal 0.000000\n",
      "********** Iteration 181 ************\n",
      "\tEpisode Len: 200\n",
      "\tLast Episode Cost: 1337.020701 vs optimal 0.000000\n",
      "********** Iteration 182 ************\n",
      "\tEpisode Len: 200\n",
      "\tLast Episode Cost: 854.919531 vs optimal 0.000000\n",
      "********** Iteration 183 ************\n",
      "\tEpisode Len: 200\n",
      "\tLast Episode Cost: 854.919531 vs optimal 0.000000\n",
      "********** Iteration 184 ************\n",
      "\tEpisode Len: 200\n",
      "\tLast Episode Cost: 1070.969312 vs optimal 0.000000\n",
      "********** Iteration 185 ************\n",
      "[[242.05553  311.1142    36.362362]\n",
      " [311.1142   416.55725   46.79997 ]\n",
      " [ 36.362362  46.79997   36.508175]]\n",
      "\tEpisode Len: 200\n",
      "\tLast Episode Cost: 1070.969312 vs optimal 0.000000\n",
      "********** Iteration 186 ************\n",
      "\tEpisode Len: 200\n",
      "\tLast Episode Cost: 1044.082721 vs optimal 0.000000\n",
      "********** Iteration 187 ************\n",
      "\tEpisode Len: 200\n",
      "\tLast Episode Cost: 1044.082721 vs optimal 0.000000\n",
      "********** Iteration 188 ************\n",
      "\tEpisode Len: 200\n",
      "\tLast Episode Cost: 976.414344 vs optimal 0.000000\n",
      "********** Iteration 189 ************\n",
      "\tEpisode Len: 200\n",
      "\tLast Episode Cost: 976.414344 vs optimal 0.000000\n",
      "********** Iteration 190 ************\n",
      "[[242.81999  311.41022   32.74095 ]\n",
      " [311.41022  416.40286   42.098045]\n",
      " [ 32.74095   42.098045  32.865025]]\n",
      "\tEpisode Len: 200\n",
      "\tLast Episode Cost: 958.832005 vs optimal 0.000000\n",
      "********** Iteration 191 ************\n",
      "\tEpisode Len: 200\n",
      "\tLast Episode Cost: 958.832005 vs optimal 0.000000\n",
      "********** Iteration 192 ************\n",
      "\tEpisode Len: 200\n",
      "\tLast Episode Cost: 1107.386122 vs optimal 0.000000\n",
      "********** Iteration 193 ************\n",
      "\tEpisode Len: 200\n",
      "\tLast Episode Cost: 1107.386122 vs optimal 0.000000\n",
      "********** Iteration 194 ************\n",
      "\tEpisode Len: 200\n",
      "\tLast Episode Cost: 1363.022199 vs optimal 0.000000\n",
      "********** Iteration 195 ************\n",
      "[[251.4592   322.2789    29.480883]\n",
      " [322.2789   430.45502   37.863556]\n",
      " [ 29.480883  37.863556  29.5864  ]]\n",
      "\tEpisode Len: 200\n",
      "\tLast Episode Cost: 1363.022199 vs optimal 0.000000\n",
      "********** Iteration 196 ************\n",
      "\tEpisode Len: 200\n",
      "\tLast Episode Cost: 1099.737920 vs optimal 0.000000\n",
      "********** Iteration 197 ************\n",
      "\tEpisode Len: 200\n",
      "\tLast Episode Cost: 1099.737920 vs optimal 0.000000\n",
      "********** Iteration 198 ************\n",
      "\tEpisode Len: 200\n",
      "\tLast Episode Cost: 944.067830 vs optimal 0.000000\n",
      "********** Iteration 199 ************\n",
      "\tEpisode Len: 200\n",
      "\tLast Episode Cost: 944.067830 vs optimal 0.000000\n",
      "********** Iteration 200 ************\n",
      "[[247.40646  314.9086    26.547556]\n",
      " [314.9086   418.2679    34.052742]\n",
      " [ 26.547556  34.052742  26.635725]]\n",
      "\tEpisode Len: 200\n",
      "\tLast Episode Cost: 1196.779871 vs optimal 0.000000\n",
      "********** Iteration 201 ************\n",
      "\tEpisode Len: 200\n",
      "\tLast Episode Cost: 1196.779871 vs optimal 0.000000\n",
      "********** Iteration 202 ************\n",
      "\tEpisode Len: 200\n",
      "\tLast Episode Cost: 1129.096895 vs optimal 0.000000\n",
      "********** Iteration 203 ************\n",
      "\tEpisode Len: 200\n",
      "\tLast Episode Cost: 1129.096895 vs optimal 0.000000\n",
      "********** Iteration 204 ************\n",
      "\tEpisode Len: 200\n",
      "\tLast Episode Cost: 703.817420 vs optimal 0.000000\n",
      "********** Iteration 205 ************\n",
      "[[239.98987  303.1418    23.90633 ]\n",
      " [303.1418   400.3294    30.623198]\n",
      " [ 23.90633   30.623198  23.97988 ]]\n",
      "\tEpisode Len: 200\n",
      "\tLast Episode Cost: 703.817420 vs optimal 0.000000\n",
      "********** Iteration 206 ************\n",
      "\tEpisode Len: 200\n",
      "\tLast Episode Cost: 1058.403715 vs optimal 0.000000\n",
      "********** Iteration 207 ************\n",
      "\tEpisode Len: 200\n",
      "\tLast Episode Cost: 1058.403715 vs optimal 0.000000\n",
      "********** Iteration 208 ************\n",
      "\tEpisode Len: 200\n",
      "\tLast Episode Cost: 911.748516 vs optimal 0.000000\n",
      "********** Iteration 209 ************\n",
      "\tEpisode Len: 200\n",
      "\tLast Episode Cost: 911.748516 vs optimal 0.000000\n",
      "********** Iteration 210 ************\n",
      "[[235.84192  295.86673   21.529942]\n",
      " [295.86673  388.58368   27.536562]\n",
      " [ 21.529942  27.536562  21.58974 ]]\n",
      "\tEpisode Len: 200\n",
      "\tLast Episode Cost: 1123.191601 vs optimal 0.000000\n",
      "********** Iteration 211 ************\n",
      "\tEpisode Len: 200\n",
      "\tLast Episode Cost: 1123.191601 vs optimal 0.000000\n",
      "********** Iteration 212 ************\n",
      "\tEpisode Len: 200\n",
      "\tLast Episode Cost: 1147.310954 vs optimal 0.000000\n",
      "********** Iteration 213 ************\n",
      "\tEpisode Len: 200\n",
      "\tLast Episode Cost: 1147.310954 vs optimal 0.000000\n",
      "********** Iteration 214 ************\n",
      "\tEpisode Len: 200\n",
      "\tLast Episode Cost: 1189.477496 vs optimal 0.000000\n",
      "********** Iteration 215 ************\n",
      "[[245.99704 309.00873  19.39223]\n",
      " [309.00873 405.9471   24.75947]\n",
      " [ 19.39223  24.75947  19.43867]]\n",
      "\tEpisode Len: 200\n",
      "\tLast Episode Cost: 1189.477496 vs optimal 0.000000\n",
      "********** Iteration 216 ************\n",
      "\tEpisode Len: 200\n",
      "\tLast Episode Cost: 922.377928 vs optimal 0.000000\n",
      "********** Iteration 217 ************\n",
      "\tEpisode Len: 200\n",
      "\tLast Episode Cost: 922.377928 vs optimal 0.000000\n",
      "********** Iteration 218 ************\n",
      "\tEpisode Len: 200\n",
      "\tLast Episode Cost: 1043.599323 vs optimal 0.000000\n",
      "********** Iteration 219 ************\n",
      "\tEpisode Len: 200\n",
      "\tLast Episode Cost: 1043.599323 vs optimal 0.000000\n",
      "********** Iteration 220 ************\n",
      "[[248.33598  309.66913   17.467964]\n",
      " [309.66913  403.91327   22.259632]\n",
      " [ 17.467964  22.259632  17.502705]]\n",
      "\tEpisode Len: 200\n",
      "\tLast Episode Cost: 1089.471645 vs optimal 0.000000\n",
      "********** Iteration 221 ************\n",
      "\tEpisode Len: 200\n",
      "\tLast Episode Cost: 1089.471645 vs optimal 0.000000\n",
      "********** Iteration 222 ************\n",
      "\tEpisode Len: 200\n",
      "\tLast Episode Cost: 877.673068 vs optimal 0.000000\n",
      "********** Iteration 223 ************\n",
      "\tEpisode Len: 200\n",
      "\tLast Episode Cost: 877.673068 vs optimal 0.000000\n",
      "********** Iteration 224 ************\n",
      "\tEpisode Len: 200\n",
      "\tLast Episode Cost: 883.698681 vs optimal 0.000000\n",
      "********** Iteration 225 ************\n",
      "[[238.28247  294.6504    15.735863]\n",
      " [294.6504   382.00198   20.009876]\n",
      " [ 15.735863  20.009876  15.76028 ]]\n",
      "\tEpisode Len: 200\n",
      "\tLast Episode Cost: 883.698681 vs optimal 0.000000\n",
      "********** Iteration 226 ************\n",
      "\tEpisode Len: 200\n",
      "\tLast Episode Cost: 965.829374 vs optimal 0.000000\n",
